At i = 1:
0.975286862174966
0.9721535483001015
0.9721535483001013
0.9680703411994656
0.9680703411994656
0.9673881310947424
0.9658099322090613
0.9594805383522693
0.955877139161219
0.9550560372857525
0.9531373820813007
0.949931011738317
0.9434855817366555
0.9434855817366555
0.9434855817366552
0.9356924612308698
0.9346533946639465
0.9346533946639464
0.9337340182134922
0.9317714588534821
0.931771458853482
0.9313042823513393
0.9278338865678541
0.9248503251164835
0.9238795325112867
0.9238795325112867
0.9238795325112866
0.9238795325112865
0.9238795325112865
0.9218959948704115
0.9218959948704113
0.9210863892328995
0.9205712620621286
0.9205712620621285
0.9189336039393091
0.9186894388911788
0.9159196087280812
0.9152924073770858
0.9152924073770857
0.9150636152228382
0.9150636152228377
0.9147775445609034
At i = 21:
0.9799222236572824
0.9796016577013619
0.9796016577013616
0.9774794175254486
0.9761788944384615
0.9761788944384615
0.9761788944384614
0.9761788944384612
0.9756810580427269
0.9756810580427269
0.9752868621749661
0.975286862174966
0.9752605509673026
0.9752605509673024
0.9737214655648626
0.9737214655648626
0.9734976319938317
0.9734976319938317
0.9721535483001016
0.9721535483001015
0.9721535483001013
0.9721535483001013
0.9713455254733171
0.9705368299253732
0.9705368299253729
0.9705368299253729
0.9705368299253729
0.9705368299253727
0.9705368299253727
0.9705368299253727
0.9705368299253727
0.9702687031113133
0.9690101028440639
0.9689730283411407
0.9689730283411404
0.9683801892862853
0.9683801892862851
0.9683801892862851
0.9680703411994658
0.9680703411994658
At i = 41:
0.9976416316261424
0.9861750659676198
0.9861750659676197
0.9861750659676197
0.9840495667199518
0.9840495667199518
0.9840495667199518
0.9840495667199516
0.9799222236572824
0.979601657701362
0.9796016577013619
0.9796016577013618
0.9796016577013616
0.9796016577013615
0.9775187944857927
0.9774794175254488
0.9774794175254488
0.9774794175254486
0.9761788944384615
0.9761788944384615
0.9761788944384615
0.9761788944384614
0.9761788944384614
0.9761788944384614
0.9761788944384614
0.9761788944384613
0.9761788944384613
0.9761788944384613
0.9761788944384613
0.9761788944384612
0.9761788944384612
0.9761788944384612
0.9761788944384612
0.9761788944384611
0.9756810580427269
0.9756810580427269
0.9756810580427269
0.9756810580427268
0.9756810580427266
0.9752868621749661
0.975286862174966
0.975286862174966
At i = 61:
0.9976416316261427
0.9976416316261427
0.9976416316261425
0.9976416316261425
0.9976416316261425
0.9976416316261425
0.9976416316261425
0.9976416316261425
0.9976416316261425
0.9976416316261425
0.9976416316261425
0.9976416316261425
0.9976416316261425
0.9976416316261425
0.9976416316261425
0.9976416316261425
0.9976416316261425
0.9976416316261425
0.9976416316261425
0.9976416316261425
0.9976416316261425
0.9976416316261425
0.9976416316261425
0.9976416316261424
0.9976416316261424
0.9976416316261424
0.9976416316261424
0.9976416316261424
0.9976416316261424
0.9976416316261424
0.9976416316261424
0.9976416316261424
0.9976416316261424
0.9976416316261424
0.9976416316261424
0.9976416316261424
0.9976416316261424
0.9976416316261424
0.9976416316261424
0.9976416316261424
0.9976416316261424
0.9976416316261424
At i = 81:
0.9999999999999998
0.9976416316261427
0.9976416316261427
0.9976416316261425
0.9976416316261425
0.9976416316261425
0.9976416316261425
0.9976416316261425
0.9976416316261425
0.9976416316261425
0.9976416316261425
0.9976416316261425
0.9976416316261425
0.9976416316261425
0.9976416316261425
0.9976416316261425
0.9976416316261425
0.9976416316261425
0.9976416316261425
0.9976416316261425
0.9976416316261425
0.9976416316261425
0.9976416316261425
0.9976416316261425
0.9976416316261425
0.9976416316261425
0.9976416316261425
0.9976416316261425
0.9976416316261425
0.9976416316261425
0.9976416316261425
0.9976416316261425
0.9976416316261425
0.9976416316261425
0.9976416316261425
0.9976416316261425
0.9976416316261425
0.9976416316261424
0.9976416316261424
0.9976416316261424
At i = 101:
0.9999999999999998
0.9976416316261427
0.9976416316261427
0.9976416316261427
0.9976416316261425
0.9976416316261425
0.9976416316261425
0.9976416316261425
0.9976416316261425
0.9976416316261425
0.9976416316261425
0.9976416316261425
0.9976416316261425
0.9976416316261425
0.9976416316261425
0.9976416316261425
0.9976416316261425
0.9976416316261425
0.9976416316261425
0.9976416316261425
0.9976416316261425
0.9976416316261425
0.9976416316261425
0.9976416316261425
0.9976416316261425
0.9976416316261425
0.9976416316261425
0.9976416316261425
0.9976416316261425
0.9976416316261425
0.9976416316261425
0.9976416316261425
0.9976416316261425
0.9976416316261425
0.9976416316261425
0.9976416316261425
0.9976416316261424
0.9976416316261424
0.9976416316261424
0.9976416316261424
At i = 121:
0.9999999999999998
0.9999999999999998
0.9976416316261427
0.9976416316261427
0.9976416316261427
0.9976416316261427
0.9976416316261427
0.9976416316261427
0.9976416316261427
0.9976416316261427
0.9976416316261425
0.9976416316261425
0.9976416316261425
0.9976416316261425
0.9976416316261425
0.9976416316261425
0.9976416316261425
0.9976416316261425
0.9976416316261425
0.9976416316261425
0.9976416316261425
0.9976416316261425
0.9976416316261425
0.9976416316261425
0.9976416316261425
0.9976416316261425
0.9976416316261424
0.9976416316261424
0.9976416316261424
0.9976416316261424
0.9976416316261424
0.9976416316261424
0.9976416316261424
0.9976416316261424
0.9976416316261424
0.9976416316261424
0.9976416316261424
0.9976416316261424
0.9976416316261424
0.9976416316261424
At i = 141:
0.9999999999999998
0.9999999999999998
0.9976416316261427
0.9976416316261427
0.9976416316261425
0.9976416316261425
0.9976416316261425
0.9976416316261425
0.9976416316261425
0.9976416316261425
0.9976416316261425
0.9976416316261425
0.9976416316261425
0.9976416316261425
0.9976416316261425
0.9976416316261425
0.9976416316261425
0.9976416316261425
0.9976416316261425
0.9976416316261425
0.9976416316261425
0.9976416316261425
0.9976416316261425
0.9976416316261425
0.9976416316261425
0.9976416316261425
0.9976416316261425
0.9976416316261425
0.9976416316261425
0.9976416316261425
0.9976416316261425
0.9976416316261425
0.9976416316261424
0.9976416316261424
0.9976416316261424
0.9976416316261424
0.9976416316261424
0.9976416316261424
0.9976416316261424
0.9976416316261424
At i = 161:
0.9999999999999998
0.9999999999999998
0.9976416316261427
0.9976416316261427
0.9976416316261425
0.9976416316261425
0.9976416316261425
0.9976416316261425
0.9976416316261425
0.9976416316261425
0.9976416316261425
0.9976416316261425
0.9976416316261425
0.9976416316261425
0.9976416316261425
0.9976416316261425
0.9976416316261425
0.9976416316261425
0.9976416316261425
0.9976416316261425
0.9976416316261425
0.9976416316261425
0.9976416316261425
0.9976416316261425
0.9976416316261424
0.9976416316261424
0.9976416316261424
0.9976416316261424
0.9976416316261424
0.9976416316261424
0.9976416316261424
0.9976416316261424
0.9976416316261424
0.9976416316261424
0.9976416316261424
0.9976416316261424
0.9976416316261424
0.9976416316261424
0.9976416316261424
0.9976416316261424
0.9976416316261424
0.9976416316261424
At i = 181:
0.9999999999999998
0.9999999999999998
0.9999999999999998
0.9976416316261427
0.9976416316261427
0.9976416316261427
0.9976416316261427
0.9976416316261427
0.9976416316261425
0.9976416316261425
0.9976416316261425
0.9976416316261425
0.9976416316261425
0.9976416316261425
0.9976416316261425
0.9976416316261425
0.9976416316261425
0.9976416316261425
0.9976416316261425
0.9976416316261425
0.9976416316261425
0.9976416316261425
0.9976416316261425
0.9976416316261425
0.9976416316261425
0.9976416316261425
0.9976416316261425
0.9976416316261425
0.9976416316261425
0.9976416316261425
0.9976416316261425
0.9976416316261424
0.9976416316261424
0.9976416316261424
0.9976416316261424
0.9976416316261424
0.9976416316261424
0.9976416316261424
0.9976416316261424
0.9976416316261424
0.9976416316261424
0.9976416316261424
0.9976416316261424
At i = 201:
0.9999999999999998
0.9999999999999998
0.9999999999999998
0.9999999999999998
0.9976416316261427
0.9976416316261427
0.9976416316261427
0.9976416316261427
0.9976416316261427
0.9976416316261427
0.9976416316261427
0.9976416316261427
0.9976416316261427
0.9976416316261425
0.9976416316261425
0.9976416316261425
0.9976416316261425
0.9976416316261425
0.9976416316261425
0.9976416316261425
0.9976416316261425
0.9976416316261425
0.9976416316261425
0.9976416316261425
0.9976416316261425
0.9976416316261424
0.9976416316261424
0.9976416316261424
0.9976416316261424
0.9976416316261424
0.9976416316261424
0.9976416316261424
0.9976416316261424
0.9976416316261424
0.9976416316261424
0.9976416316261424
0.9976416316261424
0.9976416316261424
0.9976416316261424
0.9976416316261424
0.9976416316261424
0.9976416316261424
0.9976416316261424
0.9976416316261424
At i = 221:
0.9999999999999998
0.9999999999999998
0.9999999999999998
0.9999999999999998
0.9976416316261427
0.9976416316261427
0.9976416316261427
0.9976416316261427
0.9976416316261427
0.9976416316261427
0.9976416316261427
0.9976416316261427
0.9976416316261427
0.9976416316261425
0.9976416316261425
0.9976416316261425
0.9976416316261425
0.9976416316261425
0.9976416316261425
0.9976416316261425
0.9976416316261425
0.9976416316261425
0.9976416316261425
0.9976416316261425
0.9976416316261425
0.9976416316261424
0.9976416316261424
0.9976416316261424
0.9976416316261424
0.9976416316261424
0.9976416316261424
0.9976416316261424
0.9976416316261424
0.9976416316261424
0.9976416316261424
0.9976416316261424
0.9976416316261424
0.9976416316261424
0.9976416316261424
0.9976416316261424
0.9976416316261424
0.9976416316261424
0.9976416316261424
0.9976416316261424
At i = 241:
0.9999999999999998
0.9999999999999998
0.9999999999999998
0.9999999999999998
0.9999999999999998
0.9976416316261427
0.9976416316261427
0.9976416316261427
0.9976416316261427
0.9976416316261427
0.9976416316261427
0.9976416316261427
0.9976416316261427
0.9976416316261427
0.9976416316261427
0.9976416316261427
0.9976416316261427
0.9976416316261425
0.9976416316261425
0.9976416316261424
0.9976416316261424
0.9976416316261424
0.9976416316261424
0.9976416316261424
0.9976416316261424
0.9976416316261424
0.9976416316261424
0.9976416316261424
0.9976416316261424
0.9976416316261424
0.9976416316261424
0.9976416316261424
0.9976416316261424
0.9976416316261424
0.9976416316261424
0.9976416316261424
0.9976416316261424
0.9976416316261424
0.9976416316261424
0.9976416316261424
0.9976416316261424
0.9976416316261424
0.9976416316261424
0.9976416316261424
0.9976416316261424
At i = 261:
0.9999999999999998
0.9999999999999998
0.9999999999999998
0.9999999999999998
0.9999999999999998
0.9999999999999998
0.9976416316261427
0.9976416316261427
0.9976416316261427
0.9976416316261427
0.9976416316261427
0.9976416316261427
0.9976416316261427
0.9976416316261427
0.9976416316261425
0.9976416316261425
0.9976416316261425
0.9976416316261425
0.9976416316261425
0.9976416316261425
0.9976416316261425
0.9976416316261425
0.9976416316261425
0.9976416316261424
0.9976416316261424
0.9976416316261424
0.9976416316261424
0.9976416316261424
0.9976416316261424
0.9976416316261424
0.9976416316261424
0.9976416316261424
0.9976416316261424
0.9976416316261424
0.9976416316261424
0.9976416316261424
0.9976416316261424
0.9976416316261424
0.9976416316261424
0.9976416316261424
0.9976416316261424
0.9976416316261424
0.9976416316261424
0.9976416316261424
0.9976416316261424
0.9976416316261424
