At i = 1:
[ 26 118  72]
[ 27 162  20]
[ 16  45 152]
[237 123  27]
[154  60 218]
[218  60  87]
[140 201  69]
[ 98 183 152]
[ 30 186  69]
[159 139 166]
[ 71 123  23]
[125  99  16]
[185 162  16]
[ 81 142 175]
[ 68 167  45]
[  1  45 152]
[ 73 218 216]
[163  60 105]
[157  40  27]
[35 60  2]
[53  2 42]
[125 152 175]
[236  98  26]
[128  41 152]
[184 126 224]
[220  82  28]
[123 211 118]
[69 57 60]
[  4 224  34]
[101 207 129]
[218 136 105]
[ 53 202 152]
[ 60 229  29]
[228 218  74]
[ 43 197 218]
[ 69   4 185]
[ 89 111  69]
[136  90 139]
[ 20  23 187]
[ 38  69 166]
[  4  69 146]
[164 123  99]
At i = 21:
[184  94 118]
[  2 148  98]
[ 29 152  69]
[145 152  69]
[13  7 27]
[123 158  27]
[ 66  22 218]
[211  69 118]
[95 66 69]
[ 56 238  27]
[110 124 129]
[ 26 118  72]
[ 72 213  27]
[183 169  27]
[125 203  16]
[206 125  16]
[226 185  27]
[119  57  81]
[  2 131 202]
[ 27 162  20]
[125 119  16]
[ 16  45 152]
[ 41 218  16]
[227  37  27]
[167 116  27]
[218 126 142]
[ 69 126 234]
[183 197  27]
[204  96  27]
[159 157  27]
[157 159  27]
[185 128  27]
[84 74 16]
[193 153  63]
[ 28 236   2]
[133 185  27]
[206 133  27]
[169 125  16]
[98 46  2]
[148  17  98]
At i = 41:
[125 152  69]
[ 35 119  69]
[185 203  27]
[185 203  27]
[152  82  69]
[101 123  27]
[138 123  27]
[ 14 123  27]
[184  94 118]
[239 123  27]
[  2 148  98]
[123  88  27]
[ 29 152  69]
[ 96 123  27]
[ 60  19 168]
[162 152  69]
[123 165  27]
[145 152  69]
[123 121  27]
[13  7 27]
[123 158  27]
[108  27  69]
[201 108  27]
[ 60 111  10]
[ 66  22 218]
[108  69  27]
[129 159  27]
[129 159  27]
[152 223  69]
[121 159  27]
[211  69 118]
[28  2 30]
[211  69 118]
[154 152  69]
[ 64 142  27]
[95 66 69]
[ 56 238  27]
[188 170  27]
[204  54  27]
[110 124 129]
[57 81 16]
[ 26 118  72]
At i = 61:
[125  69 152]
[125  69 152]
[166 152  69]
[166 152  69]
[166 152  69]
[166 152  69]
[166 152  69]
[166 152  69]
[166 152  69]
[166 152  69]
[166 152  69]
[166 152  69]
[166 152  69]
[166 152  69]
[166 152  69]
[166 152  69]
[166 152  69]
[166 152  69]
[166 152  69]
[166 152  69]
[166 152  69]
[152 166  69]
[166 152  69]
[125 152  69]
[125 152  69]
[125 152  69]
[125 152  69]
[125 152  69]
[125 152  69]
[125 152  69]
[125 152  69]
[125 152  69]
[125 152  69]
[125 152  69]
[125 152  69]
[125 152  69]
[125 152  69]
[125 152  69]
[125 152  69]
[125 152  69]
[125 152  69]
[125 152  69]
At i = 81:
[ 35 186  69]
[125  69 152]
[125  69 152]
[166 152  69]
[166 152  69]
[166 152  69]
[166 152  69]
[166 152  69]
[166 152  69]
[166 152  69]
[166 152  69]
[166 152  69]
[166 152  69]
[166 152  69]
[166 152  69]
[166 152  69]
[166 152  69]
[166 152  69]
[166 152  69]
[166 152  69]
[166 152  69]
[166 152  69]
[166 152  69]
[166 152  69]
[166 152  69]
[166 152  69]
[166 152  69]
[166 152  69]
[166 152  69]
[166 152  69]
[166 152  69]
[166 152  69]
[166 152  69]
[166 152  69]
[166 152  69]
[166 152  69]
[166 152  69]
[125 152  69]
[125 152  69]
[125 152  69]
At i = 101:
[ 35 186  69]
[125  69 152]
[125  69 152]
[125  69 152]
[166 152  69]
[166 152  69]
[166 152  69]
[166 152  69]
[166 152  69]
[166 152  69]
[166 152  69]
[166 152  69]
[166 152  69]
[166 152  69]
[166 152  69]
[166 152  69]
[166 152  69]
[166 152  69]
[166 152  69]
[166 152  69]
[166 152  69]
[166 152  69]
[166 152  69]
[166 152  69]
[166 152  69]
[166 152  69]
[166 152  69]
[166 152  69]
[166 152  69]
[166 152  69]
[166 152  69]
[166 152  69]
[166 152  69]
[166 152  69]
[166 152  69]
[166 152  69]
[125 152  69]
[125 152  69]
[125 152  69]
[125 152  69]
At i = 121:
[ 35 186  69]
[ 35 186  69]
[125  69 152]
[125  69 152]
[125  69 152]
[125  69 152]
[125  69 152]
[125  69 152]
[125  69 152]
[125  69 152]
[166 152  69]
[166 152  69]
[166 152  69]
[166 152  69]
[166 152  69]
[166 152  69]
[166 152  69]
[166 152  69]
[166 152  69]
[166 152  69]
[166 152  69]
[166 152  69]
[166 152  69]
[166 152  69]
[166 152  69]
[166 152  69]
[125 152  69]
[125 152  69]
[125 152  69]
[125 152  69]
[125 152  69]
[125 152  69]
[125 152  69]
[125 152  69]
[125 152  69]
[125 152  69]
[125 152  69]
[125 152  69]
[125 152  69]
[125 152  69]
At i = 141:
[ 35 186  69]
[ 35 186  69]
[125  69 152]
[125  69 152]
[166 152  69]
[166 152  69]
[166 152  69]
[166 152  69]
[166 152  69]
[166 152  69]
[166 152  69]
[166 152  69]
[166 152  69]
[166 152  69]
[166 152  69]
[166 152  69]
[166 152  69]
[166 152  69]
[166 152  69]
[166 152  69]
[166 152  69]
[ 69 152 166]
[166 152  69]
[166 152  69]
[166 152  69]
[ 69 166 152]
[166 152  69]
[166 152  69]
[166 152  69]
[166 152  69]
[ 69 152 166]
[166 152  69]
[125 152  69]
[125 152  69]
[125 152  69]
[125 152  69]
[125 152  69]
[125 152  69]
[125 152  69]
[125 152  69]
At i = 161:
[ 35 186  69]
[ 35 186  69]
[125  69 152]
[125  69 152]
[166 152  69]
[166 152  69]
[166 152  69]
[166 152  69]
[166 152  69]
[166 152  69]
[166 152  69]
[166 152  69]
[166 152  69]
[166 152  69]
[166 152  69]
[166 152  69]
[166 152  69]
[166 152  69]
[166 152  69]
[166 152  69]
[166 152  69]
[166 152  69]
[166 152  69]
[166 152  69]
[125 152  69]
[125 152  69]
[125 152  69]
[125 152  69]
[125 152  69]
[125 152  69]
[125 152  69]
[125 152  69]
[125 152  69]
[125 152  69]
[125 152  69]
[125 152  69]
[125 152  69]
[125 152  69]
[125 152  69]
[125 152  69]
[125 152  69]
[125 152  69]
