At i = 1:
[  5 916 177 337]
[183 494 276 337]
[354 834 177 276]
[494 449 936 280]
[  3 277 912 310]
[ 98 139 324 310]
[261 479 731 310]
[121 280 449 310]
[  93  364 1005  310]
[ 102  112 1089  280]
[ 200  247 1005  310]
[287 494 276 936]
[115 494 177 177]
[494 280 680 280]
[494 280 280 280]
[1037  280  280  280]
[1037  280  280  280]
[1037  280  280  280]
[363 280 276 177]
[ 24 902 177 337]
[ 68 322 968 310]
[267 479 324 936]
[181 337 324 310]
[973 280 280 280]
[301 479 324 936]
[973 280 280 280]
[916 280 280 280]
[666 280 280 280]
[ 48 310 337 936]
[149 203 324 310]
[182 220 280 310]
At i = 21:
[1077  479  449  310]
[1077  479  449  310]
[1077  479  449  310]
[1077  479  449  310]
[1077  479  449  310]
[838 479 449 310]
[838 479 449 310]
[838 479 449 310]
[105 899 449 310]
[622 479 744 310]
[105 874 449 310]
[ 38 105 449 310]
[105 361 449 310]
[ 105 1068  449  310]
[105 994 449 310]
[622 479 449 310]
[622 479 449 310]
[622 479 449 310]
[622 479 449 310]
[622 479 449 310]
[622 479 449 310]
[622 479 449 310]
[622 479 449 310]
[622 479 449 310]
[622 479 449 310]
[732 479 449 310]
[732 479 449 310]
[732 479 449 310]
[732 479 449 310]
[732 479 449 310]
At i = 41:
[  16 1077  449  310]
[ 148 1077  449  310]
[1077  479  449  310]
[1077  479  449  310]
[1077  479  449  310]
[1077  479  449  310]
[1077  479  449  310]
[1077  479  449  310]
[1077  479  449  310]
[1077  479  449  310]
[1077  479  449  310]
[1077  479  449  310]
[1077  479  449  310]
[1077  479  449  310]
[1077  479  449  310]
[1077  479  449  310]
[1077  479  449  310]
[1077  479  449  310]
[1077  479  449  310]
[1077  479  449  310]
[1077  479  449  310]
[1077  479  449  310]
[1077  479  449  310]
[1077  479  449  310]
[1077  479  449  310]
[1077  479  449  310]
[1077  479  449  310]
[1077  479  449  310]
[1077  479  449  310]
[1077  479  449  310]
At i = 61:
[ 666 1077  449  310]
[ 666 1077  449  310]
[ 666 1077  449  310]
[ 666 1077  449  310]
[ 666 1077  449  310]
[ 666 1077  449  310]
[ 666 1077  449  310]
[ 666 1077  449  310]
[ 666 1077  449  310]
[ 666 1077  449  310]
[ 666 1077  449  310]
[ 666 1077  449  310]
[ 666 1077  449  310]
[ 666 1077  449  310]
[ 666 1077  449  310]
[ 666 1077  449  310]
[ 666 1077  449  310]
[ 666 1077  449  310]
[ 666 1077  449  310]
[ 666 1077  449  310]
[ 666 1077  449  310]
[ 666 1077  449  310]
[ 349 1077  449  310]
[ 349 1077  449  310]
[ 349 1077  449  310]
[ 349 1077  449  310]
[ 349 1077  449  310]
[ 349 1077  449  310]
[ 349 1077  449  310]
[ 349 1077  449  310]
At i = 81:
[ 666 1077  449  310]
[ 666 1077  449  310]
[ 666 1077  449  310]
[ 666 1077  449  310]
[ 666 1077  449  310]
[ 666 1077  449  310]
[ 666 1077  449  310]
[ 666 1077  449  310]
[ 666 1077  449  310]
[ 666 1077  449  310]
[ 666 1077  449  310]
[ 666 1077  449  310]
[ 666 1077  449  310]
[ 666 1077  449  310]
[ 666 1077  449  310]
[ 666 1077  449  310]
[ 666 1077  449  310]
[ 666 1077  449  310]
[ 666 1077  449  310]
[ 666 1077  449  310]
[ 666 1077  449  310]
[ 666 1077  449  310]
[ 666 1077  449  310]
[ 666 1077  449  310]
[ 666 1077  449  310]
[ 666 1077  449  310]
[ 666 1077  449  310]
[ 666 1077  449  310]
[ 666 1077  449  310]
[ 666 1077  449  310]
At i = 101:
[ 666 1077  449  310]
[ 666 1077  449  310]
[ 666 1077  449  310]
[ 666 1077  449  310]
[ 666 1077  449  310]
[ 666 1077  449  310]
[ 666 1077  449  310]
[ 666 1077  449  310]
[ 666 1077  449  310]
[ 666 1077  449  310]
[ 666 1077  449  310]
[ 666 1077  449  310]
[ 666 1077  449  310]
[ 666 1077  449  310]
[ 666 1077  449  310]
[ 666 1077  449  310]
[ 666 1077  449  310]
[ 666 1077  449  310]
[ 666 1077  449  310]
[ 666 1077  449  310]
[ 666 1077  449  310]
[ 666 1077  449  310]
[ 666 1077  449  310]
[ 666 1077  449  310]
[ 666 1077  449  310]
[ 666 1077  449  310]
[ 666 1077  449  310]
[ 666 1077  449  310]
[ 666 1077  449  310]
[ 666 1077  449  310]
At i = 121:
[ 666 1077  449  310]
[ 666 1077  449  310]
[ 666 1077  449  310]
[ 666 1077  449  310]
[ 666 1077  449  310]
[ 666 1077  449  310]
[ 666 1077  449  310]
[ 666 1077  449  310]
[ 666 1077  449  310]
[ 666 1077  449  310]
[ 666 1077  449  310]
[ 666 1077  449  310]
[ 666 1077  449  310]
[ 666 1077  449  310]
[ 666 1077  449  310]
[ 666 1077  449  310]
[ 666 1077  449  310]
[ 666 1077  449  310]
[ 666 1077  449  310]
[ 666 1077  449  310]
[ 666 1077  449  310]
[ 666 1077  449  310]
[ 666 1077  449  310]
[ 666 1077  449  310]
[ 666 1077  449  310]
[ 666 1077  449  310]
[ 666 1077  449  310]
[ 666 1077  449  310]
[ 666 1077  449  310]
[ 666 1077  449  310]
At i = 141:
[ 666 1077  449  310]
[ 666 1077  449  310]
[ 666 1077  449  310]
[ 666 1077  449  310]
[ 666 1077  449  310]
[ 666 1077  449  310]
[ 666 1077  449  310]
[ 666 1077  449  310]
[ 666 1077  449  310]
[ 666 1077  449  310]
[ 666 1077  449  310]
[ 666 1077  449  310]
[ 666 1077  449  310]
[ 666 1077  449  310]
[ 666 1077  449  310]
[ 666 1077  449  310]
[ 666 1077  449  310]
[ 666 1077  449  310]
[ 666 1077  449  310]
[ 666 1077  449  310]
[ 666 1077  449  310]
[ 666 1077  449  310]
[ 666 1077  449  310]
[ 666 1077  449  310]
[ 666 1077  449  310]
[ 666 1077  449  310]
[ 666 1077  449  310]
[ 666 1077  449  310]
[ 666 1077  449  310]
[ 666 1077  449  310]
At i = 161:
[ 666 1077  449  310]
[ 666 1077  449  310]
[ 666 1077  449  310]
[ 666 1077  449  310]
[ 666 1077  449  310]
[ 666 1077  449  310]
[ 666 1077  449  310]
[ 666 1077  449  310]
[ 666 1077  449  310]
[ 666 1077  449  310]
[ 666 1077  449  310]
[ 666 1077  449  310]
[ 666 1077  449  310]
[ 666 1077  449  310]
[ 666 1077  449  310]
[ 666 1077  449  310]
[ 666 1077  449  310]
[ 666 1077  449  310]
[ 666 1077  449  310]
[ 666 1077  449  310]
[ 666 1077  449  310]
[ 666 1077  449  310]
[ 666 1077  449  310]
[ 666 1077  449  310]
[ 666 1077  449  310]
[ 666 1077  449  310]
[ 666 1077  449  310]
[ 666 1077  449  310]
[ 666 1077  449  310]
[ 666 1077  449  310]
At i = 181:
[ 666 1077  449  310]
[ 666 1077  449  310]
[ 666 1077  449  310]
[ 666 1077  449  310]
[ 666 1077  449  310]
[ 666 1077  449  310]
[ 666 1077  449  310]
[ 666 1077  449  310]
[ 666 1077  449  310]
[ 666 1077  449  310]
[ 666 1077  449  310]
[ 666 1077  449  310]
[ 666 1077  449  310]
[ 666 1077  449  310]
[ 666 1077  449  310]
[ 666 1077  449  310]
[ 666 1077  449  310]
[ 666 1077  449  310]
[ 666 1077  449  310]
[ 666 1077  449  310]
[ 666 1077  449  310]
[ 666 1077  449  310]
[ 666 1077  449  310]
[ 666 1077  449  310]
[ 666 1077  449  310]
[ 666 1077  449  310]
[ 666 1077  449  310]
[ 666 1077  449  310]
[ 666 1077  449  310]
[ 666 1077  449  310]
At i = 201:
[ 666 1077  449  310]
[ 666 1077  449  310]
[ 666 1077  449  310]
[ 666 1077  449  310]
[ 666 1077  449  310]
[ 666 1077  449  310]
[ 666 1077  449  310]
[ 666 1077  449  310]
[ 666 1077  449  310]
[ 666 1077  449  310]
[ 666 1077  449  310]
[ 666 1077  449  310]
[ 666 1077  449  310]
[ 666 1077  449  310]
[ 666 1077  449  310]
[ 666 1077  449  310]
[ 666 1077  449  310]
[ 666 1077  449  310]
[ 666 1077  449  310]
[ 666 1077  449  310]
[ 666 1077  449  310]
[ 666 1077  449  310]
[ 666 1077  449  310]
[ 666 1077  449  310]
[ 666 1077  449  310]
[ 666 1077  449  310]
[ 666 1077  449  310]
[ 666 1077  449  310]
[ 666 1077  449  310]
[ 666 1077  449  310]
