At i = 1:
0.8906022811236863
0.8535533905932738
0.8529277987411993
0.8226643880080364
0.8019335558432085
0.7764433058670741
0.7751854450766394
0.7607438831223848
0.7604932203309088
0.7601436456113432
0.7585273362157784
0.7576059051819912
0.7526648182685578
0.7520122914122267
0.7496932992530714
0.7496932992530714
0.7496932992530714
0.7496932992530714
0.7468946693878309
0.7445160860949407
0.7418880996849386
0.7414107192229303
0.7339215712183026
0.7336568829175792
0.7336568829175792
0.7336568829175792
0.7285744345971967
0.7285744345971966
0.7256566205966848
0.7224131256247032
0.7213658763141734
At i = 21:
0.9522449170272754
0.9522449170272754
0.9522449170272754
0.9522449170272754
0.9522449170272754
0.9356723938771346
0.9356723938771346
0.9356723938771346
0.9328635351886584
0.9327220333738172
0.9307481670507732
0.9278303663044584
0.9267766952966368
0.926533124283822
0.9264873866976211
0.9236862735504208
0.9236862735504208
0.9236862735504208
0.9236862735504208
0.9236862735504208
0.9236862735504208
0.9236862735504208
0.9236862735504208
0.9236862735504208
0.9236862735504208
0.9236862735504202
0.9236862735504202
0.9236862735504202
0.9236862735504202
0.9236862735504202
At i = 41:
0.9540717087800028
0.9533693859644659
0.9522449170272754
0.9522449170272754
0.9522449170272754
0.9522449170272754
0.9522449170272754
0.9522449170272754
0.9522449170272754
0.9522449170272754
0.9522449170272754
0.9522449170272754
0.9522449170272754
0.9522449170272754
0.9522449170272754
0.9522449170272754
0.9522449170272754
0.9522449170272754
0.9522449170272754
0.9522449170272754
0.9522449170272754
0.9522449170272754
0.9522449170272754
0.9522449170272754
0.9522449170272754
0.9522449170272754
0.9522449170272754
0.9522449170272754
0.9522449170272754
0.9522449170272754
At i = 61:
0.990121511756933
0.990121511756933
0.990121511756933
0.990121511756933
0.990121511756933
0.990121511756933
0.990121511756933
0.990121511756933
0.990121511756933
0.990121511756933
0.990121511756933
0.990121511756933
0.990121511756933
0.990121511756933
0.990121511756933
0.990121511756933
0.990121511756933
0.990121511756933
0.990121511756933
0.990121511756933
0.990121511756933
0.990121511756933
0.9827410914657685
0.9827410914657685
0.9827410914657685
0.9827410914657685
0.9827410914657685
0.9827410914657685
0.9827410914657685
0.9827410914657685
At i = 81:
0.990121511756933
0.990121511756933
0.990121511756933
0.990121511756933
0.990121511756933
0.990121511756933
0.990121511756933
0.990121511756933
0.990121511756933
0.990121511756933
0.990121511756933
0.990121511756933
0.990121511756933
0.990121511756933
0.990121511756933
0.990121511756933
0.990121511756933
0.990121511756933
0.990121511756933
0.990121511756933
0.990121511756933
0.990121511756933
0.990121511756933
0.990121511756933
0.990121511756933
0.990121511756933
0.990121511756933
0.990121511756933
0.990121511756933
0.990121511756933
At i = 101:
0.990121511756933
0.990121511756933
0.990121511756933
0.990121511756933
0.990121511756933
0.990121511756933
0.990121511756933
0.990121511756933
0.990121511756933
0.990121511756933
0.990121511756933
0.990121511756933
0.990121511756933
0.990121511756933
0.990121511756933
0.990121511756933
0.990121511756933
0.990121511756933
0.990121511756933
0.990121511756933
0.990121511756933
0.990121511756933
0.990121511756933
0.990121511756933
0.990121511756933
0.990121511756933
0.990121511756933
0.990121511756933
0.990121511756933
0.990121511756933
At i = 121:
0.990121511756933
0.990121511756933
0.990121511756933
0.990121511756933
0.990121511756933
0.990121511756933
0.990121511756933
0.990121511756933
0.990121511756933
0.990121511756933
0.990121511756933
0.990121511756933
0.990121511756933
0.990121511756933
0.990121511756933
0.990121511756933
0.990121511756933
0.990121511756933
0.990121511756933
0.990121511756933
0.990121511756933
0.990121511756933
0.990121511756933
0.990121511756933
0.990121511756933
0.990121511756933
0.990121511756933
0.990121511756933
0.990121511756933
0.990121511756933
At i = 141:
0.990121511756933
0.990121511756933
0.990121511756933
0.990121511756933
0.990121511756933
0.990121511756933
0.990121511756933
0.990121511756933
0.990121511756933
0.990121511756933
0.990121511756933
0.990121511756933
0.990121511756933
0.990121511756933
0.990121511756933
0.990121511756933
0.990121511756933
0.990121511756933
0.990121511756933
0.990121511756933
0.990121511756933
0.990121511756933
0.990121511756933
0.990121511756933
0.990121511756933
0.990121511756933
0.990121511756933
0.990121511756933
0.990121511756933
0.990121511756933
At i = 161:
0.990121511756933
0.990121511756933
0.990121511756933
0.990121511756933
0.990121511756933
0.990121511756933
0.990121511756933
0.990121511756933
0.990121511756933
0.990121511756933
0.990121511756933
0.990121511756933
0.990121511756933
0.990121511756933
0.990121511756933
0.990121511756933
0.990121511756933
0.990121511756933
0.990121511756933
0.990121511756933
0.990121511756933
0.990121511756933
0.990121511756933
0.990121511756933
0.990121511756933
0.990121511756933
0.990121511756933
0.990121511756933
0.990121511756933
0.990121511756933
At i = 181:
0.990121511756933
0.990121511756933
0.990121511756933
0.990121511756933
0.990121511756933
0.990121511756933
0.990121511756933
0.990121511756933
0.990121511756933
0.990121511756933
0.990121511756933
0.990121511756933
0.990121511756933
0.990121511756933
0.990121511756933
0.990121511756933
0.990121511756933
0.990121511756933
0.990121511756933
0.990121511756933
0.990121511756933
0.990121511756933
0.990121511756933
0.990121511756933
0.990121511756933
0.990121511756933
0.990121511756933
0.990121511756933
0.990121511756933
0.990121511756933
At i = 201:
0.990121511756933
0.990121511756933
0.990121511756933
0.990121511756933
0.990121511756933
0.990121511756933
0.990121511756933
0.990121511756933
0.990121511756933
0.990121511756933
0.990121511756933
0.990121511756933
0.990121511756933
0.990121511756933
0.990121511756933
0.990121511756933
0.990121511756933
0.990121511756933
0.990121511756933
0.990121511756933
0.990121511756933
0.990121511756933
0.990121511756933
0.990121511756933
0.990121511756933
0.990121511756933
0.990121511756933
0.990121511756933
0.990121511756933
0.990121511756933
