At i = 1:
0.9815234829836312
0.9705368299253727
0.9621485163700084
0.9602057813641275
0.9588818304808472
0.9586993071983417
0.9448704466592631
0.9426529856365558
0.9376468136987676
0.9369958158005449
0.9337340182134922
0.9317714588534821
0.9317714588534821
0.9313042823513398
0.9248503251164835
0.9238795325112872
0.923879532511287
0.9238795325112867
0.921613716995262
0.9210863892328998
At i = 21:
0.9815234829836312
0.9761788944384614
0.9761788944384611
0.9734976319938312
0.9721535483001017
0.9721535483001015
0.9721535483001013
0.9721535483001013
0.9705368299253727
0.9705368299253727
0.9690101028440641
0.9689730283411409
0.9683801892862852
0.9680703411994658
0.9680703411994656
0.9680703411994656
0.9680703411994654
0.9673881310947426
0.9673881310947424
0.9673881310947423
At i = 41:
0.9976416316261424
0.9840495667199518
0.9815234829836312
0.9796016577013619
0.9796016577013619
0.9796016577013616
0.9761788944384615
0.9761788944384615
0.9761788944384614
0.9761788944384614
0.9761788944384614
0.9761788944384613
0.9761788944384612
0.9761788944384611
0.9761788944384611
0.9752868621749659
0.9752605509673024
0.9752605509673021
0.9737214655648632
0.9734976319938314
0.9734976319938312
At i = 61:
0.9976416316261424
0.9840495667199518
0.9840495667199518
0.9840495667199518
0.9840495667199516
0.9815234829836312
0.9796016577013619
0.9796016577013619
0.9796016577013616
0.9796016577013616
0.9796016577013616
0.9796016577013615
0.9796016577013615
0.9796016577013613
0.9774794175254484
0.9761788944384615
0.9761788944384615
0.9761788944384614
0.9761788944384614
0.9761788944384614
0.9734976319938314
At i = 81:
0.9976416316261427
0.9976416316261427
0.9976416316261427
0.9976416316261427
0.9976416316261427
0.9976416316261427
0.9976416316261427
0.9976416316261427
0.9976416316261427
0.9976416316261427
0.9976416316261427
0.9976416316261427
0.9976416316261427
0.9976416316261425
0.9976416316261425
0.9976416316261424
0.9976416316261424
0.9976416316261424
0.9976416316261424
0.9976416316261424
0.9976416316261424
At i = 101:
0.9976416316261427
0.9976416316261427
0.9976416316261427
0.9976416316261427
0.9976416316261427
0.9976416316261427
0.9976416316261427
0.9976416316261427
0.9976416316261427
0.9976416316261427
0.9976416316261427
0.9976416316261427
0.9976416316261427
0.9976416316261427
0.9976416316261424
0.9976416316261424
0.9976416316261424
0.9976416316261424
0.9976416316261424
0.9976416316261424
At i = 121:
0.9976416316261427
0.9976416316261427
0.9976416316261427
0.9976416316261427
0.9976416316261427
0.9976416316261427
0.9976416316261427
0.9976416316261427
0.9976416316261427
0.9976416316261427
0.9976416316261427
0.9976416316261427
0.9976416316261427
0.9976416316261427
0.9976416316261427
0.9976416316261427
0.9976416316261427
0.9976416316261427
0.9976416316261427
0.9976416316261424
At i = 141:
0.9976416316261427
0.9976416316261427
0.9976416316261427
0.9976416316261427
0.9976416316261427
0.9976416316261427
0.9976416316261427
0.9976416316261427
0.9976416316261427
0.9976416316261427
0.9976416316261427
0.9976416316261427
0.9976416316261427
0.9976416316261427
0.9976416316261427
0.9976416316261427
0.9976416316261427
0.9976416316261427
0.9976416316261424
0.9976416316261424
At i = 161:
0.9976416316261427
0.9976416316261427
0.9976416316261427
0.9976416316261427
0.9976416316261427
0.9976416316261427
0.9976416316261427
0.9976416316261427
0.9976416316261427
0.9976416316261427
0.9976416316261427
0.9976416316261427
0.9976416316261427
0.9976416316261427
0.9976416316261427
0.9976416316261427
0.9976416316261427
0.9976416316261427
0.9976416316261424
0.9976416316261424
