Paramters 732

n_qubits = 4
chi = 6

LEARNING_RATE = 0.00001
n_sessions = 1000

percentile = 93
super_percentile = 96

optimizer = Adam
n_generations= 5000
generations ran for = 1100+

Partial stabilizers:
n_stabilizers (all) = 13792
n_stabilizers (real) = 1568
Added all-0 string

projection: 1.0000000000000004
Max score: 1


List of stabilizers: [294, 1419, 1535, 93, 1281, 1328]
solution:
[array([[-0.25],
        [ 0.25],
        [-0.25],
        [ 0.25],
        [ 0.25],
        [-0.25],
        [-0.25],
        [ 0.25],
        [ 0.25],
        [-0.25],
        [-0.25],
        [ 0.25],
        [ 0.25],
        [-0.25],
        [ 0.25],
        [-0.25]]),
 array([[ 0.5],
        [ 0. ],
        [ 0. ],
        [ 0. ],
        [ 0. ],
        [ 0. ],
        [ 0.5],
        [ 0. ],
        [ 0. ],
        [ 0. ],
        [-0.5],
        [ 0. ],
        [ 0.5],
        [ 0. ],
        [ 0. ],
        [ 0. ]]),
 array([[ 0.25],
        [ 0.25],
        [ 0.25],
        [ 0.25],
        [-0.25],
        [ 0.25],
        [ 0.25],
        [-0.25],
        [ 0.25],
        [ 0.25],
        [ 0.25],
        [ 0.25],
        [-0.25],
        [ 0.25],
        [ 0.25],
        [-0.25]]),
 array([[ 0.35355339],
        [ 0.        ],
        [ 0.35355339],
        [ 0.        ],
        [ 0.35355339],
        [ 0.        ],
        [-0.35355339],
        [ 0.        ],
        [ 0.35355339],
        [ 0.        ],
        [ 0.35355339],
        [ 0.        ],
        [ 0.35355339],
        [ 0.        ],
        [-0.35355339],
        [ 0.        ]]),
 array([[-0.35355339],
        [ 0.        ],
        [ 0.        ],
        [ 0.35355339],
        [-0.35355339],
        [ 0.        ],
        [ 0.        ],
        [-0.35355339],
        [ 0.35355339],
        [ 0.        ],
        [ 0.        ],
        [ 0.35355339],
        [ 0.35355339],
        [ 0.        ],
        [ 0.        ],
        [-0.35355339]]),
 array([[ 0.        ],
        [ 0.35355339],
        [ 0.        ],
        [ 0.35355339],
        [ 0.35355339],
        [ 0.        ],
        [-0.35355339],
        [ 0.        ],
        [ 0.35355339],
        [ 0.        ],
        [ 0.35355339],
        [ 0.        ],
        [ 0.        ],
        [-0.35355339],
        [ 0.        ],
        [ 0.35355339]])]