At i = 1:
[656  58 654 566 134 453]
[109 206  34 644 356 844]
[  21    3   87  462  559 1013]
[ 808 1107  319  712  200   93]
[ 633  873 1242  214   93   63]
[ 560  909 1200  672  360  506]
[  65  380   85 1324  360 1296]
[ 803  634 1193  764   12   93]
[ 478  678  313  289  432 1557]
[ 151  690   56  329 1236 1427]
[1162 1380 1193 1489   93  315]
[ 475 1441  700 1174 1535   93]
[ 942  768  283  536 1557  654]
[1519 1008   78 1553 1254 1105]
[369 270  49  23 274   7]
[ 510 1243  143  122 1337  697]
[ 388  695  466 1469   93  644]
[ 864 1047   12  654 1282  532]
[1560   69  285 1150  810   93]
[ 613   80 1305 1120 1239  241]
[1070  154  250  262  568  568]
[1211 1410  360  335  985  173]
[  27 1112    2  902 1072 1169]
[ 240  899  504  852 1103   12]
[  76 1050 1335  115  512   93]
[ 459  115 1320 1080 1072   93]
[ 654  851  703 1231  945   93]
[1256 1410 1217  736 1483 1290]
[1110   25   86 1009 1015 1464]
[ 848  465 1473  356    6 1254]
[  35 1139  347 1097  945   93]
[1458 1263 1105  917  568 1449]
[835 980 950 776 663 320]
[311 846 201 235 464 374]
[ 170 1252  740  246 1254  654]
[ 115 1423  810  384 1078  671]
[ 372  714 1393  384   78 1013]
[ 680 1473 1498 1553   12 1058]
[ 564  923  718 1109 1058   93]
[ 506 1497  594 1361 1274 1290]
[ 214 1165 1121  828  230  844]
[1481 1425   10  657 1200 1181]
At i = 21:
[ 56  56  80  99 238 337]
[  40 1171  633 1365 1181  315]
[656  58 654 566 134 453]
[ 123  278  951 1080  200  582]
[  78  564  443 1084  654  337]
[ 552  814 1107 1347  844   93]
[ 139  894  432 1155  654 1296]
[  80  439  641  510 1103 1535]
[ 430   14  236 1419 1296   93]
[1171   90  541 1382  464 1274]
[1448   95  571 1064 1181  315]
[  99  760   80 1564  644 1535]
[109 206  34 644 356 844]
[ 788   56  900 1418  431  241]
[1474   56   60 1387   10  604]
[ 840   80 1095  138 1255 1535]
[1084   47   63  942  770   12]
[1172  703   93  235  283 1535]
[1247 1457 1055 1483   93  249]
[ 882 1450   34 1170  612  286]
[ 988  253  704  946 1515   93]
[   2  360  837 1134  598  985]
[ 46 221   5 572 654 672]
[ 277 1239   31 1290   93  672]
[ 741  309  586 1553   93   63]
[ 169  428 1553 1148  635  360]
[1211  669  397  464  315  360]
[ 526  656  741 1319  508  654]
[  21    3   87  462  559 1013]
[ 823  595 1090  108  420  635]
[ 808 1107  319  712  200   93]
[ 633  873 1242  214   93   63]
[ 589   59 1535 1311 1214   93]
[   2 1411 1230  175 1051  904]
[1182 1390  437  213  593  654]
[1074  713  355  704   93  356]
[ 649   25  302  360 1118   12]
[ 560  909 1200  672  360  506]
[ 460  413   48  534 1115 1328]
[ 411  372 1155 1508 1433  635]
[1426 1223  644 1291  360   93]
[1257   63  869  382 1416   93]
At i = 41:
[ 56  56  80  99 238 337]
[  40 1171  633 1365 1181  315]
[1378  766  713 1193 1553  165]
[656  58 654 566 134 453]
[ 511 1434 1506 1504   12   93]
[ 238 1407   20 1562 1483   93]
[ 489  733  612 1108   93 1358]
[  56 1437  883 1390  506   93]
[ 797 1090  856  312 1169  654]
[ 123  278  951 1080  200  582]
[  78  564  443 1084  654  337]
[ 552  814 1107 1347  844   93]
[989  13 853 450 769  93]
[ 894 1021  356  660  628 1535]
[ 139  894  432 1155  654 1296]
[1348 1516 1382  139   80 1492]
[ 311  868  809   61 1043  194]
[1443 1129 1200   93  115  704]
[  80  439  641  510 1103 1535]
[ 430   14  236 1419 1296   93]
[ 639 1344  471  389 1358 1557]
[ 493  308 1218 1560 1105   93]
[ 852 1353  480  302 1357  568]
[ 388  992   81  933 1419   93]
[ 176   46  559 1412   12  644]
[1171   90  541 1382  464 1274]
[681 174 654  82 360 655]
[1448   95  571 1064 1181  315]
[ 498   80  206  192  781 1483]
[  38 1494  104 1386 1239 1425]
[ 221  717    2 1441  315  654]
[  99  760   80 1564  644 1535]
[ 914  713  306 1214 1483   93]
[1443  966 1324 1239  654   93]
[109 206  34 644 356 844]
[ 258    2  531 1522  315  904]
[ 788   56  900 1418  431  241]
[1474   56   60 1387   10  604]
[ 840   80 1095  138 1255 1535]
[ 314 1262   93  413 1368   12]
[1138  398  895 1357 1252  654]
[1084   47   63  942  770   12]
At i = 61:
[ 56  56  80  99 238 337]
[ 729 1426  277  911   93 1290]
[1121 1247  682 1276  315   93]
[1256  627 1029  196 1136  654]
[1053  616  786  671  654  736]
[  40 1171  633 1365 1181  315]
[ 412 1555 1121  196 1297   93]
[1378  766  713 1193 1553  165]
[656  58 654 566 134 453]
[ 511 1434 1506 1504   12   93]
[  31  416  912 1401  286 1223]
[ 238 1407   20 1562 1483   93]
[ 185  428  668   47 1204 1181]
[ 489  733  612 1108   93 1358]
[  56 1437  883 1390  506   93]
[ 797 1090  856  312 1169  654]
[ 123  278  951 1080  200  582]
[  78  564  443 1084  654  337]
[ 552  814 1107 1347  844   93]
[989  13 853 450 769  93]
[ 197  804  993 1162 1535  654]
[ 894 1021  356  660  628 1535]
[ 139  894  432 1155  654 1296]
[1348 1516 1382  139   80 1492]
[ 311  868  809   61 1043  194]
[1211   81  240   12  706  654]
[ 372  224  818 1115 1088   93]
[ 328 1376 1254 1350   93  654]
[1443 1129 1200   93  115  704]
[139 772  34 800 654 249]
[1121  727 1105  913 1535   93]
[  80  439  641  510 1103 1535]
[ 430   14  236 1419 1296   93]
[ 226 1210 1351  869 1361   93]
[ 639 1344  471  389 1358 1557]
[ 493  308 1218 1560 1105   93]
[ 852 1353  480  302 1357  568]
[1163   56  856  899 1169 1535]
[ 388  992   81  933 1419   93]
[ 176   46  559 1412   12  644]
[ 508 1147   25   56 1519  582]
[1483   56  428 1192  390 1059]
At i = 81:
[ 56  56  80  99 238 337]
[ 372  692 1242    1 1058   93]
[ 550 1259 1486 1493   93 1274]
[ 513  575    2  942 1309  654]
[ 405  960   34  949 1535   93]
[ 686  773   80  670  172 1361]
[ 542  304  960 1410   93   63]
[ 729 1426  277  911   93 1290]
[567 953  96  56 657 241]
[1074   56   93  942 1281  315]
[1121 1247  682 1276  315   93]
[  14  464  436  531 1419   93]
[1019 1253 1223 1449   93  654]
[ 887  221  551  477 1557  654]
[ 839  372  139 1535   93 1419]
[1256  627 1029  196 1136  654]
[1053  616  786  671  654  736]
[  40 1171  633 1365 1181  315]
[ 412 1555 1121  196 1297   93]
[1378  766  713 1193 1553  165]
[656  58 654 566 134 453]
[ 511 1434 1506 1504   12   93]
[  31  416  912 1401  286 1223]
[ 238 1407   20 1562 1483   93]
[ 185  428  668   47 1204 1181]
[ 85  19  49 738 904  93]
[ 413  971 1531 1516 1535   93]
[ 489  733  612 1108   93 1358]
[ 158 1130 1235 1541   93  654]
[  56 1437  883 1390  506   93]
[ 797 1090  856  312 1169  654]
[1003  251  231 1211 1535   93]
[ 202  691  850 1328   93  654]
[ 123  278  951 1080  200  582]
[  48 1086   14 1559   93  654]
[  25  383 1273 1322  654   93]
[  78  564  443 1084  654  337]
[ 523  435  265  742 1483   93]
[ 552  814 1107 1347  844   93]
[989  13 853 450 769  93]
[ 197  804  993 1162 1535  654]
[1416  360   28 1553 1535   93]
At i = 101:
[ 196 1281  205 1496 1535   93]
[ 56  56  80  99 238 337]
[ 372  692 1242    1 1058   93]
[ 664  274   80 1465   12 1281]
[ 550 1259 1486 1493   93 1274]
[ 513  575    2  942 1309  654]
[1398   80  869  246 1494   93]
[ 505  451 1216 1358  654   93]
[1065   56  329  568   10 1219]
[ 405  960   34  949 1535   93]
[ 369  788 1121 1036 1535   93]
[   2  720 1173  632  527   93]
[ 686  773   80  670  172 1361]
[ 542  304  960 1410   93   63]
[ 678 1556 1254 1466  654   93]
[ 729 1426  277  911   93 1290]
[567 953  96  56 657 241]
[1074   56   93  942 1281  315]
[1121 1247  682 1276  315   93]
[  14  464  436  531 1419   93]
[ 143  221  594 1327 1464   93]
[1019 1253 1223 1449   93  654]
[ 887  221  551  477 1557  654]
[  11  494  372 1089  654   93]
[1440   90  686 1515 1214   93]
[ 839  372  139 1535   93 1419]
[ 282  821  157 1121 1291   93]
[1256  627 1029  196 1136  654]
[ 107 1318   37 1239  654   93]
[1053  616  786  671  654  736]
[  40 1171  633 1365 1181  315]
[1041  297  718 1239  941   93]
[1146   43  392  855  559  654]
[ 412 1555 1121  196 1297   93]
[1378  766  713 1193 1553  165]
[656  58 654 566 134 453]
[ 352 1560  289 1199   93 1219]
[ 511 1434 1506 1504   12   93]
[   6  766  571 1181  315   63]
[  31  416  912 1401  286 1223]
[ 238 1407   20 1562 1483   93]
[ 185  428  668   47 1204 1181]
At i = 121:
[ 196 1281  205 1496 1535   93]
[ 740  388 1228 1527 1535   93]
[ 56  56  80  99 238 337]
[ 709  989 1139  536  654   93]
[ 372  692 1242    1 1058   93]
[ 664  274   80 1465   12 1281]
[ 550 1259 1486 1493   93 1274]
[ 513  575    2  942 1309  654]
[1398   80  869  246 1494   93]
[ 505  451 1216 1358  654   93]
[1065   56  329  568   10 1219]
[ 968 1013   28  896  431   93]
[ 405  960   34  949 1535   93]
[ 342  550  286 1243   93  654]
[ 369  788 1121 1036 1535   93]
[   2  720 1173  632  527   93]
[ 686  773   80  670  172 1361]
[ 542  304  960 1410   93   63]
[ 678 1556 1254 1466  654   93]
[ 729 1426  277  911   93 1290]
[ 365 1264  143 1311  654   93]
[1416  498  381 1358  704   93]
[567 953  96  56 657 241]
[1074   56   93  942 1281  315]
[ 593  141 1254 1560   93  654]
[ 665 1440  906 1107   93   63]
[ 237   14 1213 1544   93  654]
[1121 1247  682 1276  315   93]
[  14  464  436  531 1419   93]
[ 143  221  594 1327 1464   93]
[1019 1253 1223 1449   93  654]
[ 887  221  551  477 1557  654]
[  11  494  372 1089  654   93]
[1440   90  686 1515 1214   93]
[173 957 927 921 654  93]
[ 839  372  139 1535   93 1419]
[ 282  821  157 1121 1291   93]
[1368 1107 1436 1200 1239   93]
[1256  627 1029  196 1136  654]
[1115 1492  543   42 1001  654]
[ 107 1318   37 1239  654   93]
[ 655  372  818 1120 1072   93]
At i = 141:
[ 196 1281  205 1496 1535   93]
[1272  523 1527   93 1281 1535]
[ 740  388 1228 1527 1535   93]
[ 56  56  80  99 238 337]
[ 547 1281   34 1448   93 1535]
[1283  287  749 1423   12   63]
[ 709  989 1139  536  654   93]
[1079   80   69   56    7  145]
[ 372  692 1242    1 1058   93]
[ 664  274   80 1465   12 1281]
[ 550 1259 1486 1493   93 1274]
[ 513  575    2  942 1309  654]
[1398   80  869  246 1494   93]
[ 505  451 1216 1358  654   93]
[1065   56  329  568   10 1219]
[ 968 1013   28  896  431   93]
[1165  828 1449 1492   93  654]
[ 864 1350  356  268 1231  568]
[ 405  960   34  949 1535   93]
[ 342  550  286 1243   93  654]
[ 369  788 1121 1036 1535   93]
[   2  720 1173  632  527   93]
[  65  836  937 1419 1535   93]
[ 686  773   80  670  172 1361]
[ 542  304  960 1410   93   63]
[ 678 1556 1254 1466  654   93]
[ 729 1426  277  911   93 1290]
[ 365 1264  143 1311  654   93]
[1416  498  381 1358  704   93]
[567 953  96  56 657 241]
[1074   56   93  942 1281  315]
[ 593  141 1254 1560   93  654]
[  14  464 1357 1150   93  654]
[ 211  793  158 1124  654   93]
[ 665 1440  906 1107   93   63]
[1281 1223  536 1535   93  654]
[  99  783  720   95 1537  654]
[ 237   14 1213 1544   93  654]
[1121 1247  682 1276  315   93]
[  14  464  436  531 1419   93]
[ 143  221  594 1327 1464   93]
[1560 1553   13   87 1274   93]
At i = 161:
[ 196 1281  205 1496 1535   93]
[1272  523 1527   93 1281 1535]
[ 343 1559 1358 1281 1535   93]
[ 740  388 1228 1527 1535   93]
[ 56  56  80  99 238 337]
[1519 1082  904  786  704   93]
[   1  873 1021 1231 1535   93]
[ 547 1281   34 1448   93 1535]
[ 433  956  404  686 1290   93]
[1283  287  749 1423   12   63]
[ 709  989 1139  536  654   93]
[1079   80   69   56    7  145]
[ 372  692 1242    1 1058   93]
[ 664  274   80 1465   12 1281]
[ 550 1259 1486 1493   93 1274]
[ 513  575    2  942 1309  654]
[1398   80  869  246 1494   93]
[ 505  451 1216 1358  654   93]
[1065   56  329  568   10 1219]
[ 968 1013   28  896  431   93]
[1165  828 1449 1492   93  654]
[ 864 1350  356  268 1231  568]
[ 405  960   34  949 1535   93]
[ 342  550  286 1243   93  654]
[ 369  788 1121 1036 1535   93]
[   2  720 1173  632  527   93]
[  65  836  937 1419 1535   93]
[ 686  773   80  670  172 1361]
[ 542  304  960 1410   93   63]
[ 678 1556 1254 1466  654   93]
[ 143  291  777 1309   93   93]
[ 729 1426  277  911   93 1290]
[ 365 1264  143 1311  654   93]
[1416  498  381 1358  704   93]
[156 625  28 568 654  93]
[1191  620  109  194  250  778]
[567 953  96  56 657 241]
[1074   56   93  942 1281  315]
[ 593  141 1254 1560   93  654]
[  14  464 1357 1150   93  654]
[ 211  793  158 1124  654   93]
[ 665 1440  906 1107   93   63]
At i = 181:
[ 196 1281  205 1496 1535   93]
[1272  523 1527   93 1281 1535]
[ 937 1282  864 1457  654   93]
[ 343 1559 1358 1281 1535   93]
[ 740  388 1228 1527 1535   93]
[ 56  56  80  99 238 337]
[ 997  174  713 1174  654 1535]
[1519 1082  904  786  704   93]
[  35 1074  869 1419   93 1535]
[1151  174 1290 1254  315   93]
[   1  873 1021 1231 1535   93]
[ 547 1281   34 1448   93 1535]
[ 433  956  404  686 1290   93]
[1283  287  749 1423   12   63]
[ 709  989 1139  536  654   93]
[1079   80   69   56    7  145]
[ 372  692 1242    1 1058   93]
[ 664  274   80 1465   12 1281]
[ 550 1259 1486 1493   93 1274]
[ 513  575    2  942 1309  654]
[1398   80  869  246 1494   93]
[ 505  451 1216 1358  654   93]
[1065   56  329  568   10 1219]
[ 968 1013   28  896  431   93]
[1165  828 1449 1492   93  654]
[ 864 1350  356  268 1231  568]
[ 405  960   34  949 1535   93]
[ 342  550  286 1243   93  654]
[ 369  788 1121 1036 1535   93]
[ 173  795  787 1094  654   93]
[   2  720 1173  632  527   93]
[  65  836  937 1419 1535   93]
[ 852  415  458  654 1464   93]
[ 686  773   80  670  172 1361]
[ 542  304  960 1410   93   63]
[ 678 1556 1254 1466  654   93]
[778 238 732 941  93 654]
[ 143  291  777 1309   93   93]
[ 729 1426  277  911   93 1290]
[ 365 1264  143 1311  654   93]
[1416  498  381 1358  704   93]
[156 625  28 568 654  93]
At i = 201:
[ 196 1281  205 1496 1535   93]
[1272  523 1527   93 1281 1535]
[ 937 1282  864 1457  654   93]
[ 343 1559 1358 1281 1535   93]
[ 740  388 1228 1527 1535   93]
[ 56  56  80  99 238 337]
[ 997  174  713 1174  654 1535]
[1519 1082  904  786  704   93]
[  35 1074  869 1419   93 1535]
[1151  174 1290 1254  315   93]
[ 528 1415  175 1315   93 1535]
[   1  873 1021 1231 1535   93]
[ 547 1281   34 1448   93 1535]
[ 59  14 356 534 704  93]
[ 433  956  404  686 1290   93]
[1283  287  749 1423   12   63]
[ 709  989 1139  536  654   93]
[1079   80   69   56    7  145]
[ 372  692 1242    1 1058   93]
[890 791  14 713 654  93]
[ 664  274   80 1465   12 1281]
[ 550 1259 1486 1493   93 1274]
[ 513  575    2  942 1309  654]
[1398   80  869  246 1494   93]
[ 505  451 1216 1358  654   93]
[1065   56  329  568   10 1219]
[ 968 1013   28  896  431   93]
[1165  828 1449 1492   93  654]
[ 593  667   47  253 1535   93]
[ 864 1350  356  268 1231  568]
[ 405  960   34  949 1535   93]
[ 342  550  286 1243   93  654]
[ 369  788 1121 1036 1535   93]
[ 173  795  787 1094  654   93]
[   2  720 1173  632  527   93]
[  65  836  937 1419 1535   93]
[ 700 1153  123 1493 1535   93]
[ 852  415  458  654 1464   93]
[ 686  773   80  670  172 1361]
[ 542  304  960 1410   93   63]
[ 678 1556 1254 1466  654   93]
[1431   35 1254  736   93  654]
At i = 221:
[ 196 1281  205 1496 1535   93]
[1272  523 1527   93 1281 1535]
[1189 1014 1281 1251 1535   93]
[ 937 1282  864 1457  654   93]
[ 343 1559 1358 1281 1535   93]
[ 740  388 1228 1527 1535   93]
[ 56  56  80  99 238 337]
[ 997  174  713 1174  654 1535]
[ 594 1418  769  663 1535   93]
[1519 1082  904  786  704   93]
[  35 1074  869 1419   93 1535]
[1151  174 1290 1254  315   93]
[ 528 1415  175 1315   93 1535]
[   1  873 1021 1231 1535   93]
[ 547 1281   34 1448   93 1535]
[ 59  14 356 534 704  93]
[ 433  956  404  686 1290   93]
[1283  287  749 1423   12   63]
[ 709  989 1139  536  654   93]
[1079   80   69   56    7  145]
[ 372  692 1242    1 1058   93]
[890 791  14 713 654  93]
[ 664  274   80 1465   12 1281]
[ 550 1259 1486 1493   93 1274]
[ 513  575    2  942 1309  654]
[1398   80  869  246 1494   93]
[ 505  451 1216 1358  654   93]
[1065   56  329  568   10 1219]
[ 968 1013   28  896  431   93]
[1165  828 1449 1492   93  654]
[ 209  795 1199 1457   93  654]
[ 593  667   47  253 1535   93]
[ 864 1350  356  268 1231  568]
[ 405  960   34  949 1535   93]
[ 342  550  286 1243   93  654]
[ 369  788 1121 1036 1535   93]
[ 173  795  787 1094  654   93]
[   2  720 1173  632  527   93]
[  65  836  937 1419 1535   93]
[ 700 1153  123 1493 1535   93]
[ 676  138 1499 1294   93 1535]
[ 852  415  458  654 1464   93]
At i = 241:
[ 196 1281  205 1496 1535   93]
[1272  523 1527   93 1281 1535]
[1189 1014 1281 1251 1535   93]
[ 808 1105 1493 1281 1535   93]
[ 762  927 1281 1419 1535   93]
[ 937 1282  864 1457  654   93]
[ 343 1559 1358 1281 1535   93]
[ 740  388 1228 1527 1535   93]
[ 895  654   60   80 1278 1535]
[ 56  56  80  99 238 337]
[ 997  174  713 1174  654 1535]
[ 594 1418  769  663 1535   93]
[1519 1082  904  786  704   93]
[  35 1074  869 1419   93 1535]
[1151  174 1290 1254  315   93]
[ 528 1415  175 1315   93 1535]
[ 923 1154   28 1375   93  654]
[   1  873 1021 1231 1535   93]
[ 547 1281   34 1448   93 1535]
[ 59  14 356 534 704  93]
[ 130 1081  733   12 1029   93]
[ 433  956  404  686 1290   93]
[1283  287  749 1423   12   63]
[ 709  989 1139  536  654   93]
[1079   80   69   56    7  145]
[ 372  692 1242    1 1058   93]
[890 791  14 713 654  93]
[ 664  274   80 1465   12 1281]
[ 550 1259 1486 1493   93 1274]
[ 513  575    2  942 1309  654]
[1398   80  869  246 1494   93]
[ 505  451 1216 1358  654   93]
[1065   56  329  568   10 1219]
[ 968 1013   28  896  431   93]
[ 677 1392  564 1218   93  654]
[1165  828 1449 1492   93  654]
[ 209  795 1199 1457   93  654]
[ 593  667   47  253 1535   93]
[ 864 1350  356  268 1231  568]
[1237  468 1174 1553  654 1535]
[  57  924 1157  372 1535   93]
[ 405  960   34  949 1535   93]
At i = 261:
[ 196 1281  205 1496 1535   93]
[1183 1281  394  811 1535   93]
[1272  523 1527   93 1281 1535]
[1189 1014 1281 1251 1535   93]
[ 808 1105 1493 1281 1535   93]
[ 762  927 1281 1419 1535   93]
[ 676 1091  274 1064 1535   93]
[1387 1419  246 1268 1535   93]
[ 937 1282  864 1457  654   93]
[ 343 1559 1358 1281 1535   93]
[ 740  388 1228 1527 1535   93]
[ 895  654   60   80 1278 1535]
[ 789 1064  732 1419   93 1535]
[ 56  56  80  99 238 337]
[ 997  174  713 1174  654 1535]
[ 594 1418  769  663 1535   93]
[1519 1082  904  786  704   93]
[  35 1074  869 1419   93 1535]
[1151  174 1290 1254  315   93]
[ 528 1415  175 1315   93 1535]
[ 923 1154   28 1375   93  654]
[   1  873 1021 1231 1535   93]
[ 547 1281   34 1448   93 1535]
[ 810    3    4 1061  654   93]
[ 59  14 356 534 704  93]
[ 130 1081  733   12 1029   93]
[ 433  956  404  686 1290   93]
[1283  287  749 1423   12   63]
[ 709  989 1139  536  654   93]
[1079   80   69   56    7  145]
[ 372  692 1242    1 1058   93]
[890 791  14 713 654  93]
[ 664  274   80 1465   12 1281]
[ 550 1259 1486 1493   93 1274]
[  38  952  413 1560 1535   93]
[  48 1097  187   13  336   93]
[ 513  575    2  942 1309  654]
[1398   80  869  246 1494   93]
[1421  733  238  654  568   93]
[ 505  451 1216 1358  654   93]
[1273  537  568 1013  654   93]
[1065   56  329  568   10 1219]
At i = 281:
[ 196 1281  205 1496 1535   93]
[1183 1281  394  811 1535   93]
[830  55  56 340  80 656]
[ 876 1112   13 1535   93  654]
[1272  523 1527   93 1281 1535]
[1336 1094  238  704  654   93]
[1189 1014 1281 1251 1535   93]
[ 808 1105 1493 1281 1535   93]
[1121  146  849  997   93   93]
[ 762  927 1281 1419 1535   93]
[ 676 1091  274 1064 1535   93]
[1387 1419  246 1268 1535   93]
[ 989  698 1281 1419 1535   93]
[1449   80 1035 1281 1535   93]
[ 937 1282  864 1457  654   93]
[ 153 1468 1281 1493   93 1535]
[ 343 1559 1358 1281 1535   93]
[143 821 406 150 319  93]
[ 740  388 1228 1527 1535   93]
[ 895  654   60   80 1278 1535]
[1375 1059  238  431  704   93]
[ 789 1064  732 1419   93 1535]
[ 56  56  80  99 238 337]
[ 997  174  713 1174  654 1535]
[ 909  459   47 1079 1535   93]
[ 959 1124   86   80  654 1535]
[ 560  368 1483 1092 1535   93]
[ 594 1418  769  663 1535   93]
[1519 1082  904  786  704   93]
[  35 1074  869 1419   93 1535]
[1151  174 1290 1254  315   93]
[ 528 1415  175 1315   93 1535]
[1174  683 1553  508  654 1535]
[ 923 1154   28 1375   93  654]
[   1  873 1021 1231 1535   93]
[ 547 1281   34 1448   93 1535]
[ 810    3    4 1061  654   93]
[ 779  230  218 1419 1535   93]
[ 59  14 356 534 704  93]
[ 130 1081  733   12 1029   93]
[   2 1121   63  636 1535   93]
[ 124  853  636   10 1098  654]
At i = 301:
[  22 1419 1328 1281 1535   93]
[ 196 1281  205 1496 1535   93]
[1183 1281  394  811 1535   93]
[830  55  56 340  80 656]
[ 876 1112   13 1535   93  654]
[1272  523 1527   93 1281 1535]
[1336 1094  238  704  654   93]
[1097  487   13 1483   93 1535]
[1349 1524 1436 1281   93 1535]
[1189 1014 1281 1251 1535   93]
[ 808 1105 1493 1281 1535   93]
[1121  146  849  997   93   93]
[ 444    3 1005  946 1281 1535]
[ 762  927 1281 1419 1535   93]
[ 676 1091  274 1064 1535   93]
[1387 1419  246 1268 1535   93]
[ 989  698 1281 1419 1535   93]
[1449   80 1035 1281 1535   93]
[ 937 1282  864 1457  654   93]
[ 153 1468 1281 1493   93 1535]
[897  99 108 175 512  93]
[ 343 1559 1358 1281 1535   93]
[1493 1390   93 1535 1281   93]
[143 821 406 150 319  93]
[ 740  388 1228 1527 1535   93]
[ 895  654   60   80 1278 1535]
[1375 1059  238  431  704   93]
[ 864  402 1239  506  654   93]
[ 789 1064  732 1419   93 1535]
[ 56  56  80  99 238 337]
[ 997  174  713 1174  654 1535]
[ 909  459   47 1079 1535   93]
[ 686 1301  238 1161  654   93]
[ 959 1124   86   80  654 1535]
[ 560  368 1483 1092 1535   93]
[ 594 1418  769  663 1535   93]
[1519 1082  904  786  704   93]
[  35 1074  869 1419   93 1535]
[ 58 629  28 608  93 654]
[1151  174 1290 1254  315   93]
[ 528 1415  175 1315   93 1535]
[1174  683 1553  508  654 1535]
At i = 321:
[  22 1419 1328 1281 1535   93]
[ 196 1281  205 1496 1535   93]
[1183 1281  394  811 1535   93]
[830  55  56 340  80 656]
[1466 1124 1419 1281 1535   93]
[ 876 1112   13 1535   93  654]
[1272  523 1527   93 1281 1535]
[ 836 1086  992 1419 1535   93]
[1336 1094  238  704  654   93]
[1094  961 1493 1281   93 1535]
[1264 1529 1281 1419 1535   93]
[1097  487   13 1483   93 1535]
[1349 1524 1436 1281   93 1535]
[1189 1014 1281 1251 1535   93]
[ 447 1419  654 1281   93 1535]
[ 808 1105 1493 1281 1535   93]
[1419   31 1252 1553 1535   93]
[1121  146  849  997   93   93]
[ 444    3 1005  946 1281 1535]
[1180 1448  238  672  654   93]
[ 762  927 1281 1419 1535   93]
[ 676 1091  274 1064 1535   93]
[1014 1296 1281  985 1535   93]
[1387 1419  246 1268 1535   93]
[ 989  698 1281 1419 1535   93]
[1449   80 1035 1281 1535   93]
[1345 1521 1281 1419   93 1535]
[ 937 1282  864 1457  654   93]
[ 153 1468 1281 1493   93 1535]
[897  99 108 175 512  93]
[ 990  914 1281 1493   93 1535]
[ 343 1559 1358 1281 1535   93]
[1493 1390   93 1535 1281   93]
[143 821 406 150 319  93]
[ 740  388 1228 1527 1535   93]
[ 895  654   60   80 1278 1535]
[1375 1059  238  431  704   93]
[ 864  402 1239  506  654   93]
[ 789 1064  732 1419   93 1535]
[ 56  56  80  99 238 337]
[ 997  174  713 1174  654 1535]
[ 909  459   47 1079 1535   93]
At i = 341:
[  22 1419 1328 1281 1535   93]
[ 196 1281  205 1496 1535   93]
[1160 1466 1281 1419   93 1535]
[1183 1281  394  811 1535   93]
[830  55  56 340  80 656]
[1466 1124 1419 1281 1535   93]
[ 876 1112   13 1535   93  654]
[ 259  241   80  941 1281 1535]
[1272  523 1527   93 1281 1535]
[ 836 1086  992 1419 1535   93]
[1336 1094  238  704  654   93]
[1094  961 1493 1281   93 1535]
[1264 1529 1281 1419 1535   93]
[1097  487   13 1483   93 1535]
[1349 1524 1436 1281   93 1535]
[1189 1014 1281 1251 1535   93]
[ 447 1419  654 1281   93 1535]
[ 808 1105 1493 1281 1535   93]
[1419   31 1252 1553 1535   93]
[1121  146  849  997   93   93]
[ 444    3 1005  946 1281 1535]
[1307  970  559  413  654   93]
[1096 1493 1281 1535  654   93]
[1180 1448  238  672  654   93]
[ 762  927 1281 1419 1535   93]
[ 676 1091  274 1064 1535   93]
[1014 1296 1281  985 1535   93]
[1079 1390 1281 1419   93 1535]
[1387 1419  246 1268 1535   93]
[ 989  698 1281 1419 1535   93]
[1386 1419 1358 1281   93 1535]
[1449   80 1035 1281 1535   93]
[1345 1521 1281 1419   93 1535]
[ 937 1282  864 1457  654   93]
[ 153 1468 1281 1493   93 1535]
[897  99 108 175 512  93]
[ 990  914 1281 1493   93 1535]
[ 343 1559 1358 1281 1535   93]
[1197 1419   93  671 1281 1535]
[1493 1390   93 1535 1281   93]
[  32  733   14 1284 1535   93]
[143 821 406 150 319  93]
At i = 361:
[  22 1419 1328 1281 1535   93]
[1366 1328 1419 1281   93 1535]
[ 196 1281  205 1496 1535   93]
[1160 1466 1281 1419   93 1535]
[1183 1281  394  811 1535   93]
[830  55  56 340  80 656]
[  81  854 1281 1419 1535   93]
[1466 1124 1419 1281 1535   93]
[ 876 1112   13 1535   93  654]
[1001   80 1168 1535 1281   93]
[ 259  241   80  941 1281 1535]
[1331   80  869 1214 1281 1535]
[1526 1493 1281  431   93 1535]
[1406 1036   98 1281 1535   93]
[1543  319 1419 1535 1281   93]
[ 649 1064 1281 1419 1535   93]
[1272  523 1527   93 1281 1535]
[1321   14 1419  447  654   93]
[ 836 1086  992 1419 1535   93]
[1336 1094  238  704  654   93]
[1265  235  945 1281 1535   93]
[1358  904 1281 1419   93 1535]
[ 576   93  372 1419 1281 1535]
[1061 1493 1281  654 1535   93]
[ 390 1301 1419 1281 1535   93]
[1094  961 1493 1281   93 1535]
[1264 1529 1281 1419 1535   93]
[1097  487   13 1483   93 1535]
[  61 1366 1419 1281   93 1535]
[1452  612 1419   93 1535 1281]
[1155  697 1535 1281   93 1419]
[1349 1524 1436 1281   93 1535]
[1140 1419  403 1535   93 1281]
[1189 1014 1281 1251 1535   93]
[1077 1419 1274 1281 1535   93]
[1207 1193 1419   93 1535 1281]
[1493 1419 1281 1535   93 1535]
[1421 1509 1281 1535   93 1535]
[ 447 1419  654 1281   93 1535]
[ 808 1105 1493 1281 1535   93]
[1419   31 1252 1553 1535   93]
[1121  146  849  997   93   93]
At i = 381:
[  22 1419 1328 1281 1535   93]
[1560  977   13 1483   93 1419]
[ 165 1509 1553 1419 1281 1535]
[1366 1328 1419 1281   93 1535]
[1453 1419   93   98 1535 1281]
[1175 1328 1281 1419 1535   93]
[1188 1557   93 1281 1419 1535]
[1185 1557 1281 1535 1419   93]
[ 917 1328 1419 1281   93 1535]
[1363 1328   93 1281 1419 1535]
[ 836 1072 1419 1281 1535   93]
[1449 1466 1419 1535   93 1281]
[ 863 1489 1535 1281 1419   93]
[ 196 1281  205 1496 1535   93]
[1160 1466 1281 1419   93 1535]
[1329 1466 1419 1535   93 1281]
[1183 1281  394  811 1535   93]
[830  55  56 340  80 656]
[1141 1466   93 1281 1419 1535]
[  81  854 1281 1419 1535   93]
[1357  218 1419 1535 1281   93]
[1466 1124 1419 1281 1535   93]
[1503   63 1419 1281 1535   93]
[1151  913 1535   93 1419 1281]
[ 447  432 1419   93 1535 1281]
[1163  432 1281 1535   93 1419]
[ 876 1112   13 1535   93  654]
[1001   80 1168 1535 1281   93]
[1254  432 1281 1419 1535   93]
[ 259  241   80  941 1281 1535]
[ 656 1390 1493 1281 1535   93]
[ 635 1481 1419 1535 1281   93]
[1404 1358 1281   93 1535 1419]
[ 897 1495 1493 1535   93 1281]
[ 889 1493 1281 1419 1535   93]
[1160  656 1493 1281 1535   93]
[1051 1358 1419   93 1535 1281]
[1331   80  869 1214 1281 1535]
[ 330 1121 1535 1174   93  654]
[1394 1078 1535   93 1419 1281]
[1137 1223 1419 1535 1281   93]
[1526 1493 1281  431   93 1535]
At i = 401:
[  22 1419 1328 1281 1535   93]
[1205 1328 1281   93 1419 1535]
[1526 1328   93 1419 1281 1535]
[1560  977   13 1483   93 1419]
[   7 1535 1419  654 1281   93]
[ 165 1509 1553 1419 1281 1535]
[1319 1557 1419 1281 1535   93]
[1032 1328   93 1281 1419 1535]
[ 282   13 1531 1419   93 1535]
[1366 1328 1419 1281   93 1535]
[1453 1419   93   98 1535 1281]
[1175 1328 1281 1419 1535   93]
[1302 1328 1535 1281 1419   93]
[1028 1557 1535 1281 1419   93]
[1335 1328 1281 1535 1419   93]
[ 473 1557 1281 1535   93 1419]
[1188 1557   93 1281 1419 1535]
[1271 1557 1419   93 1535 1281]
[1558 1328   93 1419 1535 1281]
[1506 1557 1281 1419 1535   93]
[ 852 1328 1419 1281 1535   93]
[1185 1557 1281 1535 1419   93]
[1326 1328 1281 1535 1419   93]
[1328  736   93 1535 1281 1419]
[1204 1557 1419 1281   93 1535]
[ 917 1328 1419 1281   93 1535]
[1363 1328   93 1281 1419 1535]
[ 836 1072 1419 1281 1535   93]
[1449 1466 1419 1535   93 1281]
[ 863 1489 1535 1281 1419   93]
[ 836 1361 1419 1281   93 1535]
[ 196 1281  205 1496 1535   93]
[1160 1466 1281 1419   93 1535]
[1329 1466 1419 1535   93 1281]
[1183 1281  394  811 1535   93]
[830  55  56 340  80 656]
[1141 1466   93 1281 1419 1535]
[  81  854 1281 1419 1535   93]
[1274  198 1419 1535 1281   93]
[1357  218 1419 1535 1281   93]
[ 705 1466 1535 1419 1281   93]
[1466 1124 1419 1281 1535   93]
At i = 421:
[  22 1419 1328 1281 1535   93]
[1205 1328 1281   93 1419 1535]
[1526 1328   93 1419 1281 1535]
[1560  977   13 1483   93 1419]
[   7 1535 1419  654 1281   93]
[ 165 1509 1553 1419 1281 1535]
[1378   98  903 1535 1281   93]
[ 399 1281 1557 1419   93 1535]
[1515 1328 1419 1535   93 1281]
[ 592 1557 1281 1419 1535   93]
[1319 1328 1419 1281 1535   93]
[1319 1557 1419 1281 1535   93]
[1466 1328 1535 1281   93 1419]
[ 888 1281 1328 1535   93 1419]
[1032 1328   93 1281 1419 1535]
[1490 1328 1419   93 1535 1281]
[ 282   13 1531 1419   93 1535]
[1418 1328 1281 1535   93 1419]
[1366 1328 1419 1281   93 1535]
[1453 1419   93   98 1535 1281]
[1175 1328 1281 1419 1535   93]
[1302 1328 1535 1281 1419   93]
[ 667 1328 1281 1419   93 1535]
[1028 1557 1535 1281 1419   93]
[1309 1557 1419 1281 1535   93]
[ 479 1328 1419 1535 1281   93]
[ 778 1328 1419 1535   93 1281]
[1335 1328 1281 1535 1419   93]
[1385 1328 1281 1535 1419   93]
[ 473 1557 1281 1535   93 1419]
[1188 1557   93 1281 1419 1535]
[1271 1557 1419   93 1535 1281]
[1557  672 1281 1419 1535   93]
[1558 1328   93 1419 1535 1281]
[1492 1557 1281 1419   93 1535]
[1506 1557 1281 1419 1535   93]
[1333 1557 1535 1281 1419   93]
[1557  663 1419   93 1281 1535]
[ 852 1328 1419 1281 1535   93]
[1185 1557 1281 1535 1419   93]
[ 696 1328 1419 1535   93 1281]
[1557  704 1419 1281 1535   93]
At i = 441:
[  22 1419 1328 1281 1535   93]
[1557 1358 1535 1419 1281   93]
[1205 1328 1281   93 1419 1535]
[1526 1328   93 1419 1281 1535]
[1560  977   13 1483   93 1419]
[   7 1535 1419  654 1281   93]
[1187 1557 1281   93 1535 1419]
[ 165 1509 1553 1419 1281 1535]
[  56 1501 1493 1535   93 1281]
[ 735 1557 1535 1419 1281   93]
[1378   98  903 1535 1281   93]
[1503 1328 1281 1535   93 1419]
[ 399 1281 1557 1419   93 1535]
[1427 1328   93 1535 1419 1281]
[1491 1328   93 1419 1281 1535]
[1515 1328 1419 1535   93 1281]
[ 592 1557 1281 1419 1535   93]
[1136 1557 1281 1535 1419   93]
[ 776 1328 1419   93 1281 1535]
[1319 1328 1419 1281 1535   93]
[1319 1557 1419 1281 1535   93]
[1466 1328 1535 1281   93 1419]
[1351 1328   93 1535 1419 1281]
[ 888 1281 1328 1535   93 1419]
[1032 1328   93 1281 1419 1535]
[1490 1328 1419   93 1535 1281]
[ 451 1328 1419 1535 1281   93]
[ 282   13 1531 1419   93 1535]
[1400 1557 1281   93 1419 1535]
[1514 1328 1535 1419   93 1281]
[1413 1281 1328 1419 1535   93]
[1243 1328 1535 1419   93 1281]
[1418 1328 1281 1535   93 1419]
[ 604 1419 1328 1281 1535   93]
[1275 1328 1535 1281 1419   93]
[1352 1328   93 1419 1281 1535]
[1366 1328 1419 1281   93 1535]
[1453 1419   93   98 1535 1281]
[1324 1328 1535   93 1419 1281]
[ 650 1557   93 1419 1281 1535]
[1175 1328 1281 1419 1535   93]
[1302 1328 1535 1281 1419   93]
At i = 461:
[ 938 1419 1328 1281   93 1535]
[  22 1419 1328 1281 1535   93]
[ 834 1557 1281   93 1535 1419]
[1358 1419 1535   93 1328 1281]
[1557 1358 1535 1419 1281   93]
[1186 1535 1328 1419 1281   93]
[1215 1328 1419 1281   93 1535]
[1560 1281 1419 1328   93 1535]
[1205 1419 1328 1281   93 1535]
[1205 1328 1281   93 1419 1535]
[1526 1328   93 1419 1281 1535]
[1560  977   13 1483   93 1419]
[   7 1535 1419  654 1281   93]
[1187 1557 1281   93 1535 1419]
[1535  612 1328 1281   93 1419]
[1258 1419   93 1328 1535 1281]
[1258 1328 1419   93 1281 1535]
[ 165 1509 1553 1419 1281 1535]
[1246 1328 1535 1419 1281   93]
[ 670 1557 1535 1419   93 1281]
[  56 1501 1493 1535   93 1281]
[1035 1328 1281 1419 1535   93]
[ 735 1557 1535 1419 1281   93]
[ 819 1557 1535 1419   93 1281]
[ 234 1557 1535   93 1419 1281]
[1360 1281   93 1328 1419 1535]
[1378   98  903 1535 1281   93]
[1547 1557 1419 1535 1281   93]
[1503 1328 1281 1535   93 1419]
[ 399 1281 1557 1419   93 1535]
[1234 1328   93 1535 1281 1419]
[1427 1328   93 1535 1419 1281]
[ 741 1535 1419 1328 1281   93]
[1491 1328   93 1419 1281 1535]
[1515 1328 1419 1535   93 1281]
[ 592 1557 1281 1419 1535   93]
[1495 1328 1419   93 1281 1535]
[1136 1557 1281 1535 1419   93]
[ 791 1535 1557 1281   93 1419]
[ 580 1419 1328   93 1535 1281]
[1393 1328 1535   93 1281 1419]
[1483 1328 1281   93 1535 1419]
At i = 481:
[ 938 1419 1328 1281   93 1535]
[ 927 1419 1328 1281 1535   93]
[1299 1419 1281 1328   93 1535]
[  22 1419 1328 1281 1535   93]
[ 834 1281 1557   93 1535 1419]
[ 834 1557 1281   93 1535 1419]
[1358 1419 1535   93 1328 1281]
[1557 1358 1535 1419 1281   93]
[ 990 1557 1419 1535 1281   93]
[1186 1281 1419   93 1328 1535]
[1186 1535 1328 1419 1281   93]
[1215 1535   93 1419 1328 1281]
[1563 1419 1328 1535 1281   93]
[1215 1328 1419 1281   93 1535]
[1560 1281 1419 1328   93 1535]
[ 714 1328 1535 1281 1419   93]
[1080 1557   93 1419 1535 1281]
[1469 1328 1535 1419 1281   93]
[1205 1419 1328 1281   93 1535]
[1205 1328 1281   93 1419 1535]
[ 882 1328 1281 1535   93 1419]
[1526 1328   93 1419 1281 1535]
[ 860 1557 1535 1419   93 1281]
[1560  977   13 1483   93 1419]
[1203 1419   93 1328 1281 1535]
[   7 1535 1419  654 1281   93]
[1187 1557 1281   93 1535 1419]
[ 836 1419 1328   93 1281 1535]
[1535  612 1328 1281   93 1419]
[1258 1419   93 1328 1535 1281]
[1258 1328 1419   93 1281 1535]
[ 165 1509 1553 1419 1281 1535]
[1246 1328 1535 1419 1281   93]
[ 670 1557 1535 1419   93 1281]
[1098 1328 1419 1535   93 1281]
[  56 1501 1493 1535   93 1281]
[1035 1328 1281 1419 1535   93]
[ 735 1557 1535 1419 1281   93]
[1480 1328 1419   93 1535 1281]
[1107 1557 1535   93 1419 1281]
[ 819 1557 1535 1419   93 1281]
At i = 501:
[ 938 1419 1328 1281   93 1535]
[ 927 1419 1328 1281 1535   93]
[1343 1535 1419 1328 1281   93]
[1299 1281 1535 1328 1419   93]
[1299 1419 1281 1328   93 1535]
[  22 1419 1328 1281 1535   93]
[ 834 1281 1557   93 1535 1419]
[ 834 1557 1281   93 1535 1419]
[1358 1419 1535   93 1328 1281]
[1557 1358 1535 1419 1281   93]
[ 990 1557 1419 1535 1281   93]
[1186 1281 1419   93 1328 1535]
[1186 1535 1328 1419 1281   93]
[1215 1535   93 1419 1328 1281]
[1215 1328   93 1419 1281 1535]
[1560 1281 1557 1535 1419   93]
[1531 1535 1328 1419 1281   93]
[1531 1419 1328 1281 1535   93]
[1563 1419 1328 1535 1281   93]
[1215 1328 1419 1281   93 1535]
[1560 1281 1419 1328   93 1535]
[ 714 1328 1535 1281 1419   93]
[1219 1557 1281 1535 1419   93]
[1219 1328   93 1419 1281 1535]
[1080 1557   93 1419 1535 1281]
[1469 1328 1535 1419 1281   93]
[1205 1419 1328 1281   93 1535]
[1205 1328 1281   93 1419 1535]
[ 882 1328 1281 1535   93 1419]
[1403 1328   93 1419 1535 1281]
[1526 1328   93 1419 1281 1535]
[1526 1328 1419 1535   93 1281]
[ 860 1557 1535 1419   93 1281]
[1560  977   13 1483   93 1419]
[ 978 1281 1419 1328   93 1535]
[1203 1419   93 1328 1281 1535]
[   7 1535 1419  654 1281   93]
[1187 1557 1281   93 1535 1419]
[ 836 1419 1328   93 1281 1535]
[1535  612 1328 1281   93 1419]
[1258 1419   93 1328 1535 1281]
[1258 1328 1419   93 1281 1535]
At i = 521:
[ 938 1419 1328 1281   93 1535]
[ 927 1419 1328 1281 1535   93]
[1343 1328   93 1535 1419 1281]
[1343 1535 1419 1328 1281   93]
[1299 1281 1535 1328 1419   93]
[1299 1419 1281 1328   93 1535]
[  22 1419 1328 1281 1535   93]
[ 834 1557 1281 1419 1328 1535]
[ 834 1281 1557   93 1535 1419]
[ 834 1557 1281   93 1535 1419]
[1358 1419 1535   93 1328 1281]
[1557 1358 1535 1419 1281   93]
[ 990 1557 1419 1535 1281   93]
[ 635 1419 1535 1328 1281   93]
[ 635 1328 1535 1281 1419   93]
[1186 1328 1557 1535 1419 1281]
[1186 1281 1419   93 1328 1535]
[1186 1535 1328 1419 1281   93]
[1186 1328 1281 1419 1535   93]
[1215 1281 1328   93 1419 1535]
[1125 1328 1419 1281   93 1535]
[1215 1535   93 1419 1328 1281]
[1215 1328   93 1419 1281 1535]
[1560 1281 1557 1535 1419   93]
[1531 1535 1328 1419 1281   93]
[1531 1419 1328 1281 1535   93]
[1563 1419 1328 1535 1281   93]
[1215 1328 1419 1281   93 1535]
[1563 1328 1419 1281   93 1535]
[1560 1281 1419 1328   93 1535]
[ 714 1328 1535 1281 1419   93]
[1219 1557 1281 1535 1419   93]
[1219 1328   93 1419 1281 1535]
[1080 1557   93 1419 1535 1281]
[1314 1328 1281 1419 1535   93]
[1469 1328 1535 1419 1281   93]
[1314 1328 1419   93 1281 1535]
[1205 1419   93 1535 1281 1328]
[1205 1419 1328 1281   93 1535]
[1205 1281 1535 1328 1419   93]
[1205 1419 1281 1328   93 1535]
[1205 1328 1281   93 1419 1535]
At i = 541:
[ 938 1419   93 1535 1281 1328]
[ 938 1419 1328 1281   93 1535]
[ 927 1419 1328 1281 1535   93]
[1343 1328   93 1535 1419 1281]
[1343 1535 1419 1328 1281   93]
[ 619 1281   93 1328 1419 1535]
[1299 1281 1535 1328 1419   93]
[1299 1419 1281 1328   93 1535]
[  22 1419 1328 1281 1535   93]
[ 834 1557 1281 1419 1328 1535]
[ 834 1281 1557   93 1535 1419]
[ 834 1557 1281   93 1535 1419]
[1358 1419   93 1535 1328 1281]
[1358 1281 1419 1557 1535   93]
[1358 1419 1535   93 1328 1281]
[1557 1358 1535 1419 1281   93]
[ 990 1281   93 1557 1535 1419]
[ 990 1557 1419 1535 1281   93]
[ 990 1281 1557 1419   93 1535]
[ 635 1281 1557 1419   93 1535]
[ 635 1419 1535 1328 1281   93]
[ 635 1328 1535 1281 1419   93]
[1186 1328 1557 1535 1419 1281]
[1186 1281 1419   93 1328 1535]
[1186 1535 1328 1419 1281   93]
[1186 1419   93 1328 1281 1535]
[1186 1328 1281 1419 1535   93]
[1215 1281 1328   93 1419 1535]
[1125 1328 1419 1281   93 1535]
[1215 1535   93 1419 1328 1281]
[1215 1328   93 1419 1281 1535]
[1560 1281 1557 1535 1419   93]
[1563 1281 1328 1535   93 1419]
[1531 1535 1328 1419 1281   93]
[1531 1419 1328 1281 1535   93]
[1563 1419 1328 1535 1281   93]
[1215 1328 1419 1281   93 1535]
[1563 1328 1419 1281   93 1535]
[1560 1281 1419 1328   93 1535]
[ 714 1328 1535 1281 1419   93]
[ 826 1535 1328 1419   93 1281]
[ 845 1328 1419 1281 1535   93]
At i = 561:
[ 938 1419   93 1535 1281 1328]
[ 938 1419 1328 1281   93 1535]
[ 927 1419 1328 1281 1535   93]
[1343 1328   93 1535 1419 1281]
[1343 1535 1419 1328 1281   93]
[ 619 1281   93 1328 1419 1535]
[ 619 1419   93 1328 1281 1535]
[1299 1281 1535 1328 1419   93]
[1299 1281 1535 1419   93 1328]
[1299 1419 1281 1328   93 1535]
[  22 1419 1328 1281 1535   93]
[ 834 1419 1281 1535 1557   93]
[ 834 1557 1281 1419 1328 1535]
[ 834 1281 1557   93 1535 1419]
[ 834 1557 1281   93 1535 1419]
[1358 1419   93 1535 1328 1281]
[1358 1281 1419 1557 1535   93]
[1358 1419 1535   93 1328 1281]
[1557 1358 1535 1419 1281   93]
[ 990 1281   93 1557 1535 1419]
[ 990 1281 1535 1419   93 1557]
[ 990 1557 1419 1535 1281   93]
[ 990 1281 1557 1419   93 1535]
[ 521 1419 1328   93 1281 1535]
[ 635 1281 1557 1419   93 1535]
[ 635 1419 1535 1328 1281   93]
[ 635 1328 1535 1281 1419   93]
[1186 1328 1557 1535 1419 1281]
[1186 1281 1419   93 1328 1535]
[1186 1535 1328 1419 1281   93]
[1186 1419   93 1328 1281 1535]
[1186 1328 1281 1419 1535   93]
[1531 1328   93 1419 1281 1535]
[1215 1281 1328   93 1419 1535]
[1125 1328 1419 1281   93 1535]
[1531 1419 1281 1535 1328   93]
[1215 1535   93 1419 1328 1281]
[1215 1328   93 1419 1281 1535]
[1531 1419   93 1281 1535 1557]
[1560 1281 1557 1535 1419   93]
[1531 1328 1535   93 1419 1281]
[1080 1281 1419 1557 1535   93]
At i = 581:
[ 938 1419   93 1535 1281 1328]
[ 938 1419 1328 1281   93 1535]
[ 927 1281 1328 1535 1419   93]
[ 927 1557 1328 1419 1535 1281]
[ 927 1419 1328 1281 1535   93]
[1343 1419 1535 1328   93 1281]
[1343 1328   93 1535 1419 1281]
[1343 1535 1419 1328 1281   93]
[ 685 1419 1535 1328   93 1281]
[ 619 1281   93 1328 1419 1535]
[ 619 1328 1281 1419   93 1535]
[ 619 1419   93 1328 1281 1535]
[1299 1328 1281 1535 1419   93]
[1299 1419 1557   93 1535 1281]
[1299 1281 1535 1328 1419   93]
[1299 1535 1281 1419   93 1328]
[1299 1281 1535 1419   93 1328]
[1299 1419 1281 1328   93 1535]
[  22 1419 1328 1281 1535   93]
[ 834 1419 1281 1535 1557   93]
[ 834 1557 1281 1419 1328 1535]
[ 834 1281 1557   93 1535 1419]
[ 834 1557 1281   93 1535 1419]
[1358 1281   93 1557 1419 1535]
[1358 1419   93 1535 1328 1281]
[1358 1281 1419 1557 1535   93]
[1358 1419 1535   93 1328 1281]
[1557 1358 1535 1419 1281   93]
[ 494 1419 1281 1535   93 1328]
[ 990 1281   93 1557 1535 1419]
[ 990 1419 1557 1535   93 1281]
[ 990 1281 1535 1419   93 1557]
[ 990 1557 1419 1535 1281   93]
[ 990 1281 1557 1419   93 1535]
[ 635 1281 1419 1557   93 1535]
[ 635 1535   93 1328 1419 1281]
[ 521 1419 1328   93 1281 1535]
[ 635 1281 1557 1419   93 1535]
[ 635 1419 1535 1328 1281   93]
[ 635 1328 1535 1281 1419   93]
[1186 1328 1557 1535 1419 1281]
[1563 1328 1535   93 1419 1281]
At i = 601:
[ 938 1281 1535 1419 1328   93]
[ 938 1328 1281 1557 1535 1419]
[ 938 1281   93 1535 1419 1328]
[ 938 1419 1557   93 1281 1535]
[ 938 1419   93 1535 1281 1328]
[ 938 1419 1328 1281   93 1535]
[ 248 1557 1419 1535   93 1281]
[ 927 1281 1328 1535 1419   93]
[ 927 1557 1328 1419 1535 1281]
[ 927 1419 1328 1281 1535   93]
[ 927 1281 1419 1328 1535   93]
[1343 1419 1535 1328   93 1281]
[1343 1328   93 1535 1419 1281]
[1343 1535 1419 1328 1281   93]
[ 685 1419 1535 1328   93 1281]
[ 619 1281   93 1328 1419 1535]
[ 619 1328 1281 1419   93 1535]
[ 619 1557 1535 1328 1419 1281]
[ 619 1419   93 1328 1281 1535]
[1299 1419   93 1281 1328 1535]
[1299 1328 1281 1535 1419   93]
[1299 1419 1557   93 1535 1281]
[1299 1281 1535 1328 1419   93]
[1299 1535 1281 1419   93 1328]
[1299 1281 1535 1419   93 1328]
[1299 1419 1281 1328   93 1535]
[  22 1419 1328 1281 1535   93]
[ 834 1419 1281 1535 1557   93]
[ 834 1557 1281 1419 1328 1535]
[ 834 1557   93 1281 1535 1419]
[ 834 1281 1557   93 1535 1419]
[ 834 1557 1281   93 1535 1419]
[1358 1281 1419   93 1535 1328]
[1358 1281   93 1557 1419 1535]
[1358 1419   93 1535 1328 1281]
[1358 1281 1419 1557 1535   93]
[1358 1419 1535   93 1328 1281]
[1557 1358 1535 1419 1281   93]
[ 494 1419 1281 1535   93 1328]
[ 990 1281   93 1557 1535 1419]
[ 990 1419 1557 1535   93 1281]
[1544   93 1328 1281 1535 1419]
At i = 621:
[ 294 1535 1328   93 1281 1419]
[ 938 1281 1535 1419 1328   93]
[ 938 1328 1281 1557 1535 1419]
[ 938 1281   93 1535 1419 1328]
[ 938 1419 1557   93 1281 1535]
[ 938 1419   93 1535 1281 1328]
[ 938 1419 1328 1281   93 1535]
[ 949 1281 1419 1535 1328   93]
[ 927 1419 1281 1535 1328   93]
[ 248 1557 1419 1535   93 1281]
[ 927 1281 1328 1535 1419   93]
[ 927 1557 1328 1419 1535 1281]
[ 927 1419 1328 1281 1535   93]
[ 927 1281 1419 1328 1535   93]
[1343 1419 1535 1328   93 1281]
[1343 1328   93 1535 1419 1281]
[1343 1535 1419 1328 1281   93]
[ 685 1419 1535 1328   93 1281]
[ 619 1281   93 1328 1419 1535]
[ 619 1328 1281 1419   93 1535]
[ 619 1557 1535 1328 1419 1281]
[ 619 1419   93 1328 1281 1535]
[1299 1419 1557   93 1281 1535]
[1299 1419   93 1281 1328 1535]
[1299 1328 1281 1535 1419   93]
[1299 1419 1557   93 1535 1281]
[1299 1281 1535 1328 1419   93]
[1299 1535 1281 1419   93 1328]
[1299 1281 1535 1419   93 1328]
[1299 1419 1281 1328   93 1535]
[1299 1419 1328 1535   93 1281]
[  22 1419 1328 1281 1535   93]
[ 492 1419 1281   93 1557 1535]
[ 834 1419 1281 1535 1557   93]
[ 834 1557 1281 1419 1328 1535]
[ 834   93 1535 1557 1281 1419]
[ 834 1557   93 1281 1535 1419]
[ 834 1281 1557   93 1535 1419]
[ 834 1557 1281   93 1535 1419]
[1358 1281 1419   93 1535 1328]
[1358 1281   93 1557 1419 1535]
[1358 1419   93 1535 1328 1281]
At i = 641:
[ 294 1535 1328   93 1281 1419]
[ 938 1281 1535 1419 1328   93]
[ 938 1328 1281 1557 1535 1419]
[ 938 1281   93 1535 1419 1328]
[ 938 1419 1557   93 1281 1535]
[ 938 1419   93 1535 1281 1328]
[ 938 1419 1328 1281   93 1535]
[ 949 1419 1328   93 1281 1535]
[ 949 1281 1419 1535 1328   93]
[ 927 1419 1281 1535 1328   93]
[ 248 1557 1419 1535   93 1281]
[ 927 1281 1328 1535 1419   93]
[ 927 1557 1328 1419 1535 1281]
[ 927 1419 1328 1281 1535   93]
[ 927 1281 1419 1328 1535   93]
[1343 1419 1535 1328   93 1281]
[1343 1328   93 1535 1419 1281]
[1343 1535 1419 1328 1281   93]
[ 685 1419 1535 1328   93 1281]
[ 619 1281   93 1328 1419 1535]
[ 619 1328 1281 1419   93 1535]
[ 619 1557 1535 1328 1419 1281]
[ 619 1419   93 1328 1281 1535]
[ 619 1419 1557 1281 1535   93]
[1299 1281 1328 1419   93 1535]
[1299 1419 1557   93 1281 1535]
[1299 1419   93 1281 1328 1535]
[1299 1328 1281 1535 1419   93]
[1299 1419 1557   93 1535 1281]
[1299 1281 1535 1328 1419   93]
[1299 1419 1535 1281 1328   93]
[1299 1419 1535 1281 1328   93]
[1299 1535 1281 1419   93 1328]
[1299 1281 1535 1419   93 1328]
[1299 1419 1281 1328   93 1535]
[1299 1419 1328 1535   93 1281]
[  22 1419 1328 1281 1535   93]
[ 492 1419 1281   93 1557 1535]
[ 834 1419 1281 1535 1557   93]
[ 834 1557 1281 1419 1328 1535]
[ 834   93 1535 1557 1281 1419]
[1095 1281 1535 1419   93 1328]
At i = 661:
[ 294 1535 1328   93 1281 1419]
[ 938 1281 1535 1419 1328   93]
[ 938 1328 1281 1557 1535 1419]
[ 938 1419 1535 1328   93 1281]
[ 938 1281   93 1535 1419 1328]
[ 938 1419 1557   93 1281 1535]
[ 938 1419   93 1535 1281 1328]
[ 938 1419 1328 1281   93 1535]
[ 949 1419 1328   93 1281 1535]
[ 949 1281 1419 1535 1328   93]
[ 927 1419 1281 1535 1328   93]
[ 248 1557 1419 1535   93 1281]
[ 927 1281 1328 1535 1419   93]
[ 927 1557 1328 1419 1535 1281]
[ 927 1419 1328 1281 1535   93]
[ 927 1281 1419 1328 1535   93]
[ 927 1281 1328 1419 1535   93]
[1343 1419 1535 1328   93 1281]
[1343 1328   93 1535 1419 1281]
[1343 1535 1419 1328 1281   93]
[ 685 1281 1328 1557 1535 1419]
[ 685 1419 1535 1328   93 1281]
[ 619 1281   93 1328 1419 1535]
[ 619 1328 1281 1419   93 1535]
[ 619 1557 1535 1328 1419 1281]
[ 619 1419   93 1328 1281 1535]
[ 619 1419 1557 1281 1535   93]
[1299 1281 1328 1419   93 1535]
[1299 1535   93 1419 1281 1557]
[1299 1419 1557   93 1281 1535]
[1299 1419   93 1281 1328 1535]
[1299 1328 1281 1535 1419   93]
[1299 1419 1557   93 1535 1281]
[1299 1281 1535 1328 1419   93]
[1299 1419 1535 1281 1328   93]
[1299 1419 1535 1281 1328   93]
[1299 1535 1281 1419   93 1328]
[1299 1281 1535 1419   93 1328]
[1299 1419 1281 1328   93 1535]
[1299 1419 1328 1535   93 1281]
[  22 1419 1328 1281 1535   93]
[ 492 1419 1281   93 1557 1535]
At i = 681:
[ 294 1535 1328   93 1281 1419]
[ 938 1281 1535 1419 1328   93]
[ 938 1328 1281 1557 1535 1419]
[ 938 1419 1535 1328   93 1281]
[ 938 1281   93 1535 1419 1328]
[ 938 1419 1557   93 1281 1535]
[ 938 1419   93 1535 1281 1328]
[ 938 1419 1328 1281   93 1535]
[ 949 1281 1328 1535 1419   93]
[ 949 1419 1328   93 1281 1535]
[ 949 1281 1419 1535 1328   93]
[ 927 1419 1281 1535 1328   93]
[ 248 1557 1419 1535   93 1281]
[ 927 1281 1328 1535 1419   93]
[ 927 1557 1328 1419 1535 1281]
[ 927 1419 1328 1281 1535   93]
[ 927 1281 1419 1328 1535   93]
[ 927 1281 1328 1419 1535   93]
[ 927 1535 1281 1419 1328   93]
[1343 1419 1535 1328   93 1281]
[1343 1328   93 1535 1419 1281]
[1343 1535 1419 1328 1281   93]
[ 685 1281 1328 1557 1535 1419]
[ 685 1419 1535 1328   93 1281]
[ 619 1281   93 1328 1419 1535]
[ 619 1281   93 1419 1557 1535]
[ 619 1328 1281 1419   93 1535]
[ 619 1557 1535 1328 1419 1281]
[ 619 1419   93 1328 1281 1535]
[ 619 1419 1557 1281 1535   93]
[1299 1281 1328 1419   93 1535]
[1299 1419   93 1281 1535 1557]
[1299 1535   93 1419 1281 1557]
[1299 1419 1557   93 1281 1535]
[1299 1419   93 1281 1328 1535]
[1299 1328 1281 1535 1419   93]
[1299 1419 1557   93 1535 1281]
[1299 1281 1535 1328 1419   93]
[1299 1419 1535 1281 1328   93]
[1299 1419 1535 1281 1328   93]
[1299 1535 1281 1419   93 1328]
[ 494 1281 1419 1328 1535   93]
At i = 701:
[ 294 1535 1328   93 1281 1419]
[ 938 1281 1535 1419 1328   93]
[ 938 1328 1281 1557 1535 1419]
[ 938 1419 1535 1328   93 1281]
[ 938 1281   93 1535 1419 1328]
[ 938 1419 1557   93 1281 1535]
[ 938 1419   93 1535 1281 1328]
[ 938 1419 1328 1281   93 1535]
[ 949 1281 1328 1535 1419   93]
[ 949 1419 1328   93 1535 1281]
[ 949 1419 1328   93 1281 1535]
[ 949 1281 1419 1535 1328   93]
[ 949 1281 1419 1557 1535   93]
[ 927 1419 1281 1535 1328   93]
[ 248 1557 1419 1535   93 1281]
[ 927 1281 1328 1535 1419   93]
[ 927 1557 1328 1419 1535 1281]
[ 927 1419 1328 1281 1535   93]
[ 927 1281 1328   93 1419 1535]
[ 927 1419   93 1281 1535 1328]
[ 927 1281 1419 1328 1535   93]
[ 927 1281 1328 1419 1535   93]
[ 927 1535 1281 1419 1328   93]
[ 248 1419 1535 1281 1328 1557]
[1343 1281 1419   93 1328 1535]
[1343 1419 1535 1328   93 1281]
[1343 1328   93 1535 1419 1281]
[1343 1535 1419 1328 1281   93]
[ 685 1419 1281 1557   93 1535]
[ 685 1281 1328 1557 1535 1419]
[ 685 1419 1535 1328   93 1281]
[ 619 1281   93 1328 1419 1535]
[ 619 1281   93 1419 1557 1535]
[ 619 1328 1281 1419   93 1535]
[ 619 1557 1535 1328 1419 1281]
[ 619 1419   93 1328 1281 1535]
[ 619 1419 1535   93 1328 1281]
[ 619 1419 1557 1281 1535   93]
[1299 1419 1281   93 1557 1535]
[1299 1281 1328 1419   93 1535]
[1299 1419   93 1281 1535 1557]
[1219 1419 1535 1281 1328   93]
At i = 721:
[ 294 1419 1328 1557 1535 1281]
[ 294 1535 1328   93 1281 1419]
[ 938 1281 1535 1419 1328   93]
[ 938 1281   93 1557 1535 1419]
[ 938 1328 1281 1557 1535 1419]
[ 938 1419 1535 1328   93 1281]
[ 938 1281   93 1535 1419 1328]
[ 938 1419 1557   93 1281 1535]
[ 938 1419   93 1535 1281 1328]
[ 938 1419 1328 1281   93 1535]
[ 949 1281 1328 1535 1419   93]
[ 949 1419 1328   93 1535 1281]
[ 949 1419 1328   93 1281 1535]
[ 949 1281 1419 1535 1328   93]
[ 949 1281 1419 1557 1535   93]
[ 927 1535 1328 1419   93 1281]
[ 927 1419 1281 1535 1328   93]
[ 248 1557 1419 1535   93 1281]
[ 927 1281 1328 1535 1419   93]
[ 927 1557 1328 1419 1535 1281]
[ 927 1419 1328 1281 1535   93]
[ 927 1419 1281 1557 1535   93]
[ 927 1281 1328   93 1419 1535]
[ 927 1419   93 1281 1535 1328]
[ 927 1281 1419 1328 1535   93]
[ 927 1281 1328 1419 1535   93]
[ 927 1535 1281 1419 1328   93]
[ 248 1419 1535 1281 1328 1557]
[1343 1281 1419   93 1328 1535]
[1343 1419 1535 1328   93 1281]
[1343 1281 1419 1328 1535   93]
[1343 1328   93 1535 1419 1281]
[1343 1535 1419 1328 1281   93]
[ 685 1419   93 1535 1557 1281]
[ 685 1419 1281 1328   93 1535]
[ 685 1281 1419 1328   93 1535]
[ 685 1419 1281 1557   93 1535]
[ 685 1281 1328 1557 1535 1419]
[ 685 1419 1535 1328   93 1281]
[ 619 1281   93 1328 1419 1535]
[ 619 1535 1557 1419 1281   93]
[ 619 1281   93 1419 1557 1535]
At i = 741:
[ 294 1419 1328 1557 1535 1281]
[ 294 1535 1328   93 1281 1419]
[ 938 1281 1535 1419 1328   93]
[ 938 1281   93 1557 1535 1419]
[ 938 1328 1281 1557 1535 1419]
[ 938 1419 1535 1328   93 1281]
[ 938 1281   93 1535 1419 1328]
[ 938 1419 1557   93 1281 1535]
[ 938 1419   93 1535 1281 1328]
[ 938 1419 1328 1281   93 1535]
[ 938 1281 1328 1535 1419   93]
[ 949 1281 1328 1535 1419   93]
[ 949 1419 1328   93 1535 1281]
[ 949 1419 1328   93 1281 1535]
[ 949 1281 1419 1535 1328   93]
[ 949 1281 1419 1557 1535   93]
[ 927 1535 1328 1419   93 1281]
[ 927 1419 1281 1535 1328   93]
[ 248 1557 1419 1535   93 1281]
[ 927 1281 1328 1535 1419   93]
[ 927 1557 1328 1419 1535 1281]
[ 927 1419 1328 1281 1535   93]
[ 927 1419 1535   93 1281 1557]
[ 927 1419 1281 1557 1535   93]
[ 927 1281 1328   93 1419 1535]
[ 927 1419   93 1281 1535 1328]
[ 927 1281 1419 1328 1535   93]
[ 927 1419 1557 1281   93 1535]
[ 927 1281 1328 1419 1535   93]
[ 927 1535 1281 1419 1328   93]
[ 248 1419 1535 1281 1328 1557]
[1343 1281 1419   93 1328 1535]
[1343 1419   93 1328 1535 1281]
[1343 1419 1535 1328   93 1281]
[1343 1281 1535 1328   93 1419]
[1343 1281 1419 1328 1535   93]
[1343 1328   93 1535 1419 1281]
[1343 1535 1419 1328 1281   93]
[ 685 1419   93 1535 1557 1281]
[ 685 1419 1281 1328   93 1535]
[ 685 1281 1419 1328   93 1535]
[ 685 1419 1281 1557   93 1535]
At i = 761:
[ 294 1281 1419 1557 1328 1535]
[ 294 1419 1328 1557 1535 1281]
[ 294 1535 1328   93 1281 1419]
[ 938 1281 1535 1419 1328   93]
[ 938 1281   93 1557 1535 1419]
[ 938 1328 1281 1557 1535 1419]
[ 938 1419 1535 1328   93 1281]
[ 938 1281   93 1535 1419 1328]
[ 938 1419 1557   93 1281 1535]
[ 938 1419   93 1535 1281 1328]
[ 938 1419 1328 1281   93 1535]
[ 938 1281 1328 1535 1419   93]
[ 949 1281 1328 1535 1419   93]
[ 949 1419 1281   93 1535 1328]
[ 949 1419 1328   93 1535 1281]
[ 949 1419 1328   93 1281 1535]
[ 949 1281 1419 1535 1328   93]
[ 949 1419   93 1535 1328 1281]
[ 949 1281 1419 1557 1535   93]
[ 927 1535 1328 1419   93 1281]
[ 927 1419 1281 1535 1328   93]
[ 248 1557 1419 1535   93 1281]
[ 927 1281 1328 1535 1419   93]
[ 927 1557 1328 1419 1535 1281]
[ 927 1419 1328 1281 1535   93]
[ 927 1419 1535   93 1281 1557]
[ 927 1419 1281 1557 1535   93]
[ 927 1281 1328   93 1419 1535]
[ 927 1419   93 1281 1535 1328]
[ 927 1281 1419 1328 1535   93]
[ 927 1419 1557 1281   93 1535]
[ 927 1281 1328 1419 1535   93]
[ 927 1535 1281 1419 1328   93]
[ 248 1419 1535 1281 1328 1557]
[1343 1281 1419   93 1328 1535]
[1343 1419   93 1281 1535 1328]
[1343 1419 1557 1281 1535 1328]
[1343 1419   93 1328 1535 1281]
[1343 1419 1535 1328   93 1281]
[1343 1281 1535 1328   93 1419]
[ 834 1328 1419 1281 1535   93]
[ 635 1419 1328   93 1281 1535]
At i = 781:
[ 294 1281 1419 1557 1328 1535]
[ 294 1419 1328 1557 1535 1281]
[ 294 1535 1328   93 1281 1419]
[ 938 1281 1535 1419 1328   93]
[ 938 1281   93 1557 1535 1419]
[ 938 1328 1281 1557 1535 1419]
[ 938 1419   93 1535 1328 1281]
[ 938 1419 1535 1328   93 1281]
[ 938 1281   93 1535 1419 1328]
[ 938 1281 1419 1557 1535   93]
[ 938 1419 1557   93 1281 1535]
[ 938 1419   93 1535 1281 1328]
[ 938 1419 1328 1281   93 1535]
[ 938 1281 1328 1535 1419   93]
[ 949 1281 1328 1535 1419   93]
[ 949 1419 1281   93 1328 1535]
[ 949 1419 1281   93 1535 1328]
[ 949 1419 1328   93 1535 1281]
[ 949 1419 1328   93 1281 1535]
[ 949 1281 1419 1535 1328   93]
[ 949 1419   93 1535 1328 1281]
[ 949 1419   93 1535 1328 1281]
[ 949 1281 1419 1557 1535   93]
[ 927 1535 1328 1419   93 1281]
[ 927 1419 1281 1535 1328   93]
[ 248 1557 1419 1535   93 1281]
[ 927 1281 1328 1535 1419   93]
[ 927 1557 1328 1419 1535 1281]
[ 927 1419 1328 1281 1535   93]
[ 927 1419 1535   93 1281 1557]
[ 927 1419 1281 1557 1535   93]
[ 927 1281 1328   93 1419 1535]
[ 927 1419   93 1281 1535 1328]
[ 927 1281 1419 1328 1535   93]
[ 927 1419 1557 1281   93 1535]
[ 927 1281 1328 1419 1535   93]
[ 927 1535 1281 1419 1328   93]
[ 248 1419 1535 1281 1328 1557]
[1343 1281 1419   93 1328 1535]
[1343 1419   93 1281 1535 1328]
[1343 1419 1557 1281 1535 1328]
[ 619 1535 1281 1419 1328   93]
At i = 801:
[ 294 1419 1281 1328 1535   93]
[ 294 1281 1419 1557 1328 1535]
[ 294 1419 1328 1557 1535 1281]
[ 294 1535 1328   93 1281 1419]
[ 938 1281 1535 1419 1328   93]
[ 938 1281   93 1557 1535 1419]
[ 938 1328 1281 1557 1535 1419]
[ 938 1419   93 1535 1328 1281]
[ 938 1419 1535 1328   93 1281]
[ 938 1281   93 1535 1419 1328]
[ 938 1281 1419 1557 1535   93]
[ 938 1419 1557   93 1281 1535]
[ 938 1419   93 1535 1281 1328]
[ 938 1419 1328 1281   93 1535]
[ 938 1281 1328 1535 1419   93]
[ 949 1419 1557 1281   93 1535]
[ 949 1281 1328 1535 1419   93]
[ 949 1419 1281   93 1328 1535]
[ 949 1419 1281   93 1535 1328]
[ 949 1419 1328   93 1535 1281]
[ 949 1419 1328   93 1281 1535]
[ 949 1281 1419 1535 1328   93]
[ 949 1419   93 1535 1328 1281]
[ 949 1419   93 1535 1328 1281]
[ 949 1281 1419 1557 1535   93]
[ 927 1535 1328 1419   93 1281]
[ 927 1419 1281 1535 1328   93]
[ 248 1557 1419 1535   93 1281]
[ 927 1281 1328 1535 1419   93]
[ 927 1557 1328 1419 1535 1281]
[ 927 1419 1328 1281 1535   93]
[ 927 1419   93 1557 1535 1281]
[ 927 1419 1535   93 1281 1557]
[ 927 1419 1281 1557 1535   93]
[ 927 1281 1328   93 1419 1535]
[ 927 1419   93 1281 1535 1328]
[ 927 1281 1419 1328 1535   93]
[ 248 1281   93 1535 1419 1328]
[ 927 1419 1557 1281   93 1535]
[ 927 1281 1328 1419 1535   93]
[ 927 1535 1281 1419 1328   93]
[ 248 1419 1535 1281 1328 1557]
At i = 821:
[ 294 1419 1281 1328 1535   93]
[ 294 1281 1419 1557 1328 1535]
[ 294 1419 1328 1557 1535 1281]
[ 294 1535 1328   93 1281 1419]
[ 938 1281 1535 1419 1328   93]
[ 938 1281   93 1557 1535 1419]
[ 938 1328 1281 1557 1535 1419]
[ 938 1419   93 1535 1328 1281]
[ 938 1419 1535 1328   93 1281]
[ 938 1281   93 1535 1419 1328]
[ 938 1281 1419 1557 1535   93]
[ 938 1419 1557   93 1281 1535]
[ 938 1419   93 1535 1281 1328]
[ 938 1419 1328 1281   93 1535]
[ 938 1281 1328 1535 1419   93]
[ 949 1419 1557 1281   93 1535]
[ 949 1281 1328 1535 1419   93]
[ 949 1419 1281   93 1328 1535]
[ 949 1419 1281   93 1535 1328]
[ 949 1419 1328   93 1535 1281]
[ 949 1419 1328   93 1281 1535]
[ 949 1281 1419 1535 1328   93]
[ 949 1419   93 1535 1328 1281]
[ 949 1419   93 1535 1328 1281]
[ 949 1281 1419 1557 1535   93]
[ 927 1535 1328 1419   93 1281]
[ 927 1419 1281 1535 1328   93]
[ 248 1557 1419 1535   93 1281]
[ 927 1281 1328 1535 1419   93]
[ 927 1557 1328 1419 1535 1281]
[ 927 1419 1328 1281 1535   93]
[ 248 1419   93 1535 1328 1281]
[ 927 1419   93 1557 1535 1281]
[ 927 1419 1535   93 1281 1557]
[ 927 1419 1281 1557 1535   93]
[ 927 1281 1328   93 1419 1535]
[ 927 1419   93 1281 1535 1328]
[ 927 1281 1419 1328 1535   93]
[ 248 1281   93 1535 1419 1328]
[ 927 1419 1557 1281   93 1535]
[1299 1419 1281 1535 1328   93]
[1531 1419   93 1557 1535 1281]
At i = 841:
[ 294 1419 1281 1328 1535   93]
[ 294 1281 1419 1557 1328 1535]
[ 294 1419 1328 1557 1535 1281]
[ 294 1535   93 1328 1281 1419]
[ 294 1535 1328   93 1281 1419]
[ 938 1281 1535 1419 1328   93]
[ 938 1281   93 1557 1535 1419]
[ 938 1328 1281 1557 1535 1419]
[ 938 1419   93 1535 1328 1281]
[ 938 1419 1535 1328   93 1281]
[ 938 1281   93 1535 1419 1328]
[ 938 1419 1281 1328 1535   93]
[ 938 1281 1419 1557 1535   93]
[ 938 1419 1557   93 1281 1535]
[ 938 1419   93 1535 1281 1328]
[ 938 1419 1328 1281   93 1535]
[ 938 1419 1535 1281 1557   93]
[ 938 1281 1328 1535 1419   93]
[ 949 1419 1557 1281   93 1535]
[ 949 1281 1328 1535 1419   93]
[ 949 1419 1281   93 1535 1328]
[ 949 1419   93 1281 1535 1328]
[ 949 1419 1535 1328 1557 1281]
[ 949 1419 1281   93 1328 1535]
[ 949 1419 1281   93 1535 1328]
[ 949 1419 1328   93 1535 1281]
[ 949 1419 1328   93 1281 1535]
[ 949 1281 1419 1535 1328   93]
[ 949 1419   93 1535 1328 1281]
[ 949 1419   93 1535 1328 1281]
[ 949 1281 1419 1557 1535   93]
[ 927 1535 1328 1419   93 1281]
[ 927 1419 1281 1535 1328   93]
[ 248 1557 1419 1535   93 1281]
[ 927 1281 1328 1535 1419   93]
[ 927 1557 1328 1419 1535 1281]
[ 927 1419 1328 1281 1535   93]
[ 248 1419   93 1535 1328 1281]
[ 927 1419   93 1557 1535 1281]
[ 927 1419 1535   93 1281 1557]
[1358 1281 1535 1419   93 1557]
At i = 861:
[ 294 1419 1281 1328 1535   93]
[ 294 1281 1419 1557 1328 1535]
[ 294 1419 1328 1557 1535 1281]
[ 294 1535   93 1328 1281 1419]
[ 294 1535 1328   93 1281 1419]
[ 938 1281 1535 1419 1328   93]
[ 938 1281   93 1557 1535 1419]
[ 938 1328 1281 1557 1535 1419]
[ 938 1419 1535   93 1328 1281]
[ 938 1419   93 1535 1328 1281]
[ 938 1419   93 1535 1328 1281]
[ 938 1419 1535 1328   93 1281]
[ 938 1281   93 1535 1419 1328]
[ 938 1281 1419 1535   93 1328]
[ 938 1419 1328 1535   93 1281]
[ 938 1419 1281 1328 1535   93]
[ 938 1281 1419 1557 1535   93]
[ 938 1419 1557   93 1281 1535]
[ 938 1419   93 1535 1281 1328]
[ 938 1419 1328 1281   93 1535]
[ 938 1419 1535 1281 1557   93]
[ 938 1281 1328 1535 1419   93]
[ 949 1419 1557 1281   93 1535]
[ 949 1281 1328 1535 1419   93]
[ 949 1419 1281 1328   93 1535]
[ 949 1419 1281   93 1535 1328]
[ 949 1419   93 1281 1535 1328]
[ 949 1419 1535 1328 1557 1281]
[ 949 1419 1281   93 1328 1535]
[ 949 1419 1281   93 1535 1328]
[ 949 1419 1328   93 1535 1281]
[ 949 1419 1328   93 1281 1535]
[ 949 1281 1419 1535 1328   93]
[ 949 1419 1328 1535 1281   93]
[ 949 1419   93 1535 1328 1281]
[ 949 1419   93 1535 1328 1281]
[ 949 1281 1419 1557 1535   93]
[ 927 1535 1328 1419   93 1281]
[ 927 1419 1281 1535 1328   93]
[ 248 1557 1419 1535   93 1281]
[ 927 1281 1328 1535 1419   93]
[ 475 1419 1328 1557 1535 1281]
At i = 881:
[ 294 1419 1281 1328 1535   93]
[ 294 1281 1419 1557 1328 1535]
[ 294 1419 1328 1557 1535 1281]
[ 294 1535   93 1328 1281 1419]
[ 294 1535 1328   93 1281 1419]
[ 938 1281 1535 1419 1328   93]
[ 938 1281 1557 1419 1328 1535]
[ 938 1281   93 1557 1535 1419]
[ 938 1328 1281 1557 1535 1419]
[ 938 1419 1281 1557 1328 1535]
[ 938 1419 1535   93 1328 1281]
[ 938 1419   93 1535 1328 1281]
[ 938 1419   93 1535 1328 1281]
[ 938 1419 1535 1328   93 1281]
[ 938 1281   93 1535 1419 1328]
[ 938 1419 1557   93 1281 1535]
[ 938 1419   93 1535 1281 1328]
[ 938 1281 1419 1535   93 1328]
[ 938 1419 1328 1535   93 1281]
[ 938 1419 1281 1328 1535   93]
[ 938 1281 1419 1557 1535   93]
[ 938 1419 1557   93 1281 1535]
[ 938 1419   93 1535 1281 1328]
[ 938 1419 1328 1281   93 1535]
[ 938 1419 1535 1281 1557   93]
[ 938 1281 1328 1535 1419   93]
[ 949 1419 1557 1281   93 1535]
[ 949 1281 1328 1535 1419   93]
[ 949 1419   93 1535 1281 1328]
[ 949 1419   93 1281 1535 1328]
[ 949 1419 1281 1328   93 1535]
[ 949 1419 1281   93 1535 1328]
[ 949 1419   93 1281 1535 1328]
[ 949 1419 1535 1328 1557 1281]
[ 949 1419 1281   93 1328 1535]
[ 949 1419 1281   93 1535 1328]
[ 949 1419 1328   93 1535 1281]
[ 949 1419 1328   93 1281 1535]
[ 949 1281 1419 1535 1328   93]
[ 949 1419   93 1535 1328 1281]
[ 949 1419 1328 1535 1281   93]
[ 492 1419 1535 1328   93 1281]
At i = 901:
[ 294 1419 1281 1328 1535   93]
[ 294 1281 1419 1557 1328 1535]
[ 294 1419 1328 1557 1535 1281]
[ 294 1535   93 1328 1281 1419]
[ 294 1535 1328   93 1281 1419]
[ 938 1281 1535 1419 1328   93]
[ 938 1281 1557 1419 1328 1535]
[ 938 1281   93 1557 1535 1419]
[ 938 1328 1281 1557 1535 1419]
[ 938 1419 1281 1557 1328 1535]
[ 938 1419 1535   93 1328 1281]
[ 938 1419   93 1535 1328 1281]
[ 938 1419   93 1535 1328 1281]
[ 938 1419 1535 1328   93 1281]
[ 938 1281   93 1535 1419 1328]
[ 938 1419 1557   93 1281 1535]
[ 938 1419   93 1535 1281 1328]
[ 938 1281 1419 1535   93 1328]
[ 938 1419 1328 1535   93 1281]
[ 938 1419 1281 1328 1535   93]
[ 938 1281 1419 1557 1535   93]
[ 938 1419 1557   93 1281 1535]
[ 938 1419   93 1535 1281 1328]
[ 938 1419 1328 1281   93 1535]
[ 938 1419 1535 1281 1557   93]
[ 938 1281 1328 1535 1419   93]
[ 949 1419 1557 1281   93 1535]
[ 949 1419 1557 1281   93 1535]
[ 949 1281 1328 1535 1419   93]
[ 949 1419   93 1535 1281 1328]
[ 949 1419   93 1281 1535 1328]
[ 949 1419 1281 1328   93 1535]
[ 949 1419 1281   93 1535 1328]
[ 949 1419   93 1281 1535 1328]
[ 949 1419 1535 1328 1557 1281]
[ 949 1419 1281   93 1328 1535]
[ 949 1419 1281   93 1535 1328]
[ 949 1419 1328   93 1535 1281]
[ 949 1419 1328   93 1281 1535]
[ 949 1281 1419 1535 1328   93]
[ 949 1419   93 1535 1328 1281]
[ 949 1419 1328 1535 1281   93]
At i = 921:
[ 294 1328 1419 1557 1281 1535]
[ 294 1419 1281 1328 1535   93]
[ 294 1281 1419 1557 1328 1535]
[ 294 1419 1328 1557 1535 1281]
[ 294 1535   93 1328 1281 1419]
[ 294 1535 1328   93 1281 1419]
[ 938 1281 1535 1419 1328   93]
[ 938 1281 1557 1419 1328 1535]
[ 938 1281   93 1557 1535 1419]
[ 938 1328 1281 1557 1535 1419]
[ 938 1419 1281 1557 1328 1535]
[ 938 1419 1535   93 1328 1281]
[ 938 1419   93 1535 1328 1281]
[ 938 1419   93 1535 1328 1281]
[ 938 1419 1535 1328   93 1281]
[ 938 1281   93 1535 1419 1328]
[ 938 1419 1328   93 1281 1535]
[ 938 1419 1557   93 1281 1535]
[ 938 1419   93 1535 1281 1328]
[ 938 1281 1419 1535   93 1328]
[ 938 1419 1328 1535   93 1281]
[ 938 1419 1281 1328 1535   93]
[ 938 1281 1419 1557 1535   93]
[ 938 1419 1557   93 1281 1535]
[ 938 1419   93 1535 1281 1328]
[ 938 1419 1328 1281   93 1535]
[ 938 1419 1535 1281 1557   93]
[ 938 1281 1328 1535 1419   93]
[ 949 1419 1557 1281   93 1535]
[ 949 1419 1557 1281   93 1535]
[ 949 1281 1328 1535 1419   93]
[ 949 1419 1535   93 1281 1557]
[ 949 1419   93 1535 1281 1328]
[ 949 1419   93 1281 1535 1328]
[ 949 1419 1281 1328   93 1535]
[ 949 1419 1281   93 1535 1328]
[ 949 1419   93 1281 1535 1328]
[ 949 1419 1535 1328 1557 1281]
[ 949 1419 1281   93 1328 1535]
[ 949 1419 1281   93 1535 1328]
[ 949 1419 1328   93 1535 1281]
[ 949 1419 1328   93 1281 1535]
At i = 941:
[ 294 1328 1419 1557 1281 1535]
[ 294 1419 1281 1328 1535   93]
[ 294 1281 1419 1557 1328 1535]
[ 294 1419 1328 1557 1535 1281]
[ 294 1535   93 1328 1281 1419]
[ 294 1535 1328   93 1281 1419]
[ 938 1281 1535 1419 1328   93]
[ 938 1281 1557 1419 1328 1535]
[ 938 1281   93 1557 1535 1419]
[ 938 1328 1281 1557 1535 1419]
[ 938 1419 1281 1557 1328 1535]
[ 938 1419 1535   93 1328 1281]
[ 938 1419   93 1535 1328 1281]
[ 938 1419   93 1535 1328 1281]
[ 938 1419 1535 1328   93 1281]
[ 938 1281   93 1535 1419 1328]
[ 938 1419 1281 1557 1535   93]
[ 938 1419 1328 1535 1281   93]
[ 938 1419 1328   93 1281 1535]
[ 938 1419 1557   93 1281 1535]
[ 938 1419   93 1535 1281 1328]
[ 938 1281 1419 1535   93 1328]
[ 938 1419 1328 1535   93 1281]
[ 938 1419 1281 1328 1535   93]
[ 938 1281 1419 1557 1535   93]
[ 938 1419 1557   93 1281 1535]
[ 938 1419   93 1535 1281 1328]
[ 938 1419 1328 1281   93 1535]
[ 938 1419 1535 1281 1557   93]
[ 938 1281 1328 1535 1419   93]
[ 949 1419 1557 1281   93 1535]
[ 949 1419 1557 1281   93 1535]
[ 949 1281 1328 1535 1419   93]
[ 949 1419 1535   93 1281 1557]
[ 949 1419   93 1535 1281 1328]
[ 949 1419   93 1281 1535 1328]
[ 949 1419 1281 1328   93 1535]
[ 949 1419 1281   93 1535 1328]
[ 949 1419   93 1281 1535 1328]
[ 949 1419 1535 1328 1557 1281]
[ 949 1419 1281   93 1328 1535]
[ 927 1419 1281 1535 1557 1328]
At i = 961:
[ 294 1419   93 1535 1281 1328]
[ 294 1328 1419 1557 1281 1535]
[ 294 1419 1281 1328 1535   93]
[ 294 1281 1419 1557 1328 1535]
[ 294 1419 1328 1557 1535 1281]
[ 294 1535   93 1328 1281 1419]
[ 294 1535 1328   93 1281 1419]
[ 938 1281 1535 1419 1328   93]
[ 938 1281 1557 1419 1328 1535]
[ 938 1281   93 1557 1535 1419]
[ 938 1328 1281 1557 1535 1419]
[ 938 1419 1281 1557 1328 1535]
[ 938 1419 1535   93 1328 1281]
[ 938 1419   93 1535 1328 1281]
[ 938 1419   93 1535 1328 1281]
[ 938 1419 1535 1328   93 1281]
[ 938 1281   93 1535 1419 1328]
[ 938 1419 1281 1557 1535   93]
[ 938 1419 1328 1535 1281   93]
[ 938 1419 1328   93 1281 1535]
[ 938 1419 1557   93 1281 1535]
[ 938 1419   93 1535 1281 1328]
[ 938 1281 1419 1535   93 1328]
[ 938 1419 1328 1535   93 1281]
[ 938 1419 1281 1328 1535   93]
[ 938 1281 1419 1557 1535   93]
[ 938 1419 1557   93 1281 1535]
[ 938 1419   93 1535 1281 1328]
[ 938 1419 1328 1281   93 1535]
[ 938 1419 1535 1281 1557   93]
[ 938 1281 1328 1535 1419   93]
[ 949 1419 1557 1281   93 1535]
[ 949 1419 1557 1281   93 1535]
[ 949 1281 1328 1535 1419   93]
[ 949 1419 1535   93 1281 1557]
[ 949 1419   93 1535 1281 1328]
[ 949 1419   93 1281 1535 1328]
[ 949 1419 1281 1328   93 1535]
[ 949 1419 1281   93 1535 1328]
[ 949 1419   93 1281 1535 1328]
[ 949 1419 1535 1328 1557 1281]
[ 949 1419 1281   93 1328 1535]
At i = 981:
[ 294 1419 1535 1328 1281   93]
[ 294 1419   93 1535 1281 1328]
[ 294 1328 1419 1557 1281 1535]
[ 294 1419 1281 1328 1535   93]
[ 294 1281 1419 1557 1328 1535]
[ 294 1419 1328 1557 1535 1281]
[ 294 1281   93 1535 1328 1419]
[ 294 1535   93 1328 1281 1419]
[ 294 1535 1328   93 1281 1419]
[ 938 1281 1535 1419 1328   93]
[ 938 1281 1557 1419 1328 1535]
[ 938 1281   93 1557 1535 1419]
[ 938 1328 1281 1557 1535 1419]
[ 938 1281   93 1535 1419 1328]
[ 938 1419 1281 1557 1328 1535]
[ 938 1419 1535   93 1328 1281]
[ 938 1419   93 1535 1328 1281]
[ 938 1419   93 1535 1328 1281]
[ 938 1419 1535 1328   93 1281]
[ 938 1281   93 1535 1419 1328]
[ 938 1419 1281 1535   93 1557]
[ 938 1419 1557 1281 1535   93]
[ 938 1419 1281 1557 1535   93]
[ 938 1419 1328 1535 1281   93]
[ 938 1419 1328   93 1281 1535]
[ 938 1419 1557   93 1281 1535]
[ 938 1419   93 1535 1281 1328]
[ 938 1281 1419 1535   93 1328]
[ 938 1419 1328 1535   93 1281]
[ 938 1419 1281 1328 1535   93]
[ 938 1281 1419 1557 1535   93]
[ 938 1419 1557   93 1281 1535]
[ 938 1419   93 1535 1281 1328]
[ 938 1419 1328 1281   93 1535]
[ 938 1419 1535 1281 1557   93]
[ 938 1281 1328 1535 1419   93]
[ 131 1419 1281 1535 1557   93]
[ 949 1419 1557 1281   93 1535]
[ 949 1419 1557 1281   93 1535]
[ 949 1281 1328 1535 1419   93]
[ 990 1419   93 1535 1281 1328]
[ 415 1419 1535 1281 1328 1557]
At i = 1001:
[ 294 1419 1535 1328 1281   93]
[ 294 1419   93 1535 1281 1328]
[ 294 1328 1419 1557 1281 1535]
[ 294 1419 1281 1328 1535   93]
[ 294 1281 1419 1557 1328 1535]
[ 294 1419 1328 1557 1535 1281]
[ 294 1419   93 1535 1328 1281]
[ 294 1281   93 1535 1328 1419]
[ 294 1535   93 1328 1281 1419]
[ 294 1535 1328   93 1281 1419]
[ 938 1281 1535 1419 1328   93]
[ 938 1281 1557 1419 1328 1535]
[ 938 1281   93 1557 1535 1419]
[ 938 1328 1281 1557 1535 1419]
[ 938 1419 1535   93 1281 1328]
[ 938 1419 1557 1535   93 1281]
[ 938 1281   93 1535 1419 1328]
[ 938 1419 1281 1557 1328 1535]
[ 938 1419 1535   93 1328 1281]
[ 938 1419   93 1535 1328 1281]
[ 938 1419   93 1535 1328 1281]
[ 938 1419 1535 1328   93 1281]
[ 938 1281   93 1535 1419 1328]
[ 938 1419   93 1535 1281 1328]
[ 938 1419 1281 1535   93 1557]
[ 938 1419 1557 1281 1535   93]
[ 938 1419 1281 1557 1535   93]
[ 938 1419 1328 1535 1281   93]
[ 938 1419 1328   93 1281 1535]
[ 938 1419 1557   93 1281 1535]
[ 938 1419   93 1535 1281 1328]
[ 938 1281 1419 1535   93 1328]
[ 938 1419 1328 1535   93 1281]
[ 938 1419 1281 1328 1535   93]
[ 938 1281 1419 1557 1535   93]
[ 938 1419 1557   93 1281 1535]
[ 938 1419   93 1535 1281 1328]
[ 938 1419 1328 1281   93 1535]
[ 938 1419 1535 1281 1557   93]
[ 938 1281 1328 1535 1419   93]
[ 131 1419 1281 1535 1557   93]
[ 949 1419 1535 1281   93 1328]
At i = 1021:
[ 294 1419 1535 1328 1281   93]
[ 294 1419   93 1535 1281 1328]
[ 294 1328 1419 1557 1281 1535]
[ 294 1419 1281 1328 1535   93]
[ 294 1281 1419 1557 1328 1535]
[ 294 1419 1328 1557 1535 1281]
[ 294 1419   93 1535 1328 1281]
[ 294 1281   93 1535 1328 1419]
[ 294 1535   93 1328 1281 1419]
[ 294 1535 1328   93 1281 1419]
[ 938 1281 1535 1419 1328   93]
[ 938 1281 1557 1419 1328 1535]
[ 938 1281   93 1557 1535 1419]
[ 938 1328 1281 1557 1535 1419]
[ 938 1419 1535   93 1281 1328]
[ 938 1419 1557 1535   93 1281]
[ 938 1281   93 1535 1419 1328]
[ 938 1419 1281 1557 1328 1535]
[ 938 1419 1535   93 1328 1281]
[ 938 1419   93 1535 1328 1281]
[ 938 1419   93 1535 1328 1281]
[ 938 1419 1535 1328   93 1281]
[ 938 1281   93 1535 1419 1328]
[ 938 1419 1281 1535 1328   93]
[ 938 1419   93 1535 1281 1328]
[ 938 1419 1281 1535   93 1557]
[ 938 1419 1557 1281 1535   93]
[ 938 1419 1281 1557 1535   93]
[ 938 1419 1328 1535 1281   93]
[ 938 1419 1328   93 1281 1535]
[ 938 1419 1557   93 1281 1535]
[ 938 1419   93 1535 1281 1328]
[ 938 1281 1419 1535   93 1328]
[ 938 1419 1328 1535   93 1281]
[ 938 1419 1281 1328 1535   93]
[ 938 1281 1419 1557 1535   93]
[ 938 1419 1557   93 1281 1535]
[ 938 1419   93 1535 1281 1328]
[ 938 1419 1328 1281   93 1535]
[ 938 1419 1281   93 1535 1328]
[ 938 1419 1535 1281 1557   93]
[ 938 1281 1328 1535 1419   93]
At i = 1041:
[ 294 1419 1328   93 1535 1281]
[ 294 1419 1535 1328 1281   93]
[ 294 1419   93 1535 1281 1328]
[ 294 1328 1419 1557 1281 1535]
[ 294 1419 1281 1328 1535   93]
[ 294 1281 1419 1557 1328 1535]
[ 294 1419 1328 1557 1535 1281]
[ 294 1419   93 1535 1328 1281]
[ 294 1281   93 1535 1328 1419]
[ 294 1535   93 1328 1281 1419]
[ 294 1535 1328   93 1281 1419]
[ 938 1281 1535 1419 1328   93]
[ 938 1281 1557 1419 1328 1535]
[ 938 1281   93 1557 1535 1419]
[ 938 1328 1281 1557 1535 1419]
[ 938 1419 1535   93 1281 1328]
[ 938 1419 1557 1535   93 1281]
[ 938 1281   93 1535 1419 1328]
[ 938 1419 1281 1557 1328 1535]
[ 938 1419 1535   93 1328 1281]
[ 938 1419   93 1535 1328 1281]
[ 938 1419   93 1535 1328 1281]
[ 938 1419 1535 1328   93 1281]
[ 938 1281   93 1535 1419 1328]
[ 938 1419 1281 1535   93 1328]
[ 938 1419   93 1535 1281 1328]
[ 938 1419 1328 1281   93 1535]
[ 938 1419 1281 1535 1328   93]
[ 938 1419   93 1535 1281 1328]
[ 938 1419 1281 1535   93 1557]
[ 938 1419 1557 1281 1535   93]
[ 938 1419 1281 1557 1535   93]
[ 938 1419 1328 1535 1281   93]
[ 938 1419 1328   93 1281 1535]
[ 938 1419 1557   93 1281 1535]
[ 938 1419   93 1535 1281 1328]
[ 938 1281 1419 1535   93 1328]
[ 938 1419 1328 1535   93 1281]
[ 938 1419 1281 1328 1535   93]
[ 938 1281 1419 1557 1535   93]
[ 949 1419 1535   93 1328 1281]
[1343 1419 1557 1281   93 1535]
At i = 1061:
[ 294 1419 1328   93 1535 1281]
[ 294 1419 1535 1328 1281   93]
[ 294 1419   93 1535 1281 1328]
[ 294 1328 1419 1557 1281 1535]
[ 294 1419 1281 1328 1535   93]
[ 294 1281 1419 1557 1328 1535]
[ 294 1419 1328 1557 1535 1281]
[ 294 1419   93 1535 1328 1281]
[ 294 1281   93 1535 1328 1419]
[ 294 1535   93 1328 1281 1419]
[ 294 1535 1328   93 1281 1419]
[ 938 1281 1535 1419 1328   93]
[ 938 1281 1557 1419 1328 1535]
[ 938 1281   93 1557 1535 1419]
[ 938 1328 1281 1557 1535 1419]
[ 938 1419 1535   93 1281 1328]
[ 938 1419 1535   93 1281 1328]
[ 938 1419 1557 1535   93 1281]
[ 938 1281   93 1535 1419 1328]
[ 938 1419 1281 1557 1328 1535]
[ 938 1419 1535   93 1328 1281]
[ 938 1419   93 1535 1328 1281]
[ 938 1419   93 1535 1328 1281]
[ 938 1419 1535 1328   93 1281]
[ 938 1281   93 1535 1419 1328]
[ 938 1419 1281 1535   93 1328]
[ 938 1419   93 1535 1281 1328]
[ 938 1419 1328 1281   93 1535]
[ 938 1419 1281 1535 1328   93]
[ 938 1419   93 1535 1281 1328]
[ 938 1419 1281 1535   93 1557]
[ 938 1419 1557 1281 1535   93]
[ 938 1419 1281 1557 1535   93]
[ 938 1419 1328 1535 1281   93]
[ 938 1419 1328   93 1281 1535]
[ 938 1419 1557   93 1281 1535]
[ 938 1419   93 1535 1281 1328]
[ 938 1281 1419 1535   93 1328]
[ 938 1419 1328 1535   93 1281]
[ 938 1419 1281 1328 1535   93]
[ 938 1281 1419 1557 1535   93]
[ 949 1419 1281 1557   93 1535]
At i = 1081:
[ 294 1419   93 1535 1281 1328]
[ 294 1419 1328   93 1535 1281]
[ 294 1419 1535 1328 1281   93]
[ 294 1419   93 1535 1281 1328]
[ 294 1328 1419 1557 1281 1535]
[ 294 1419 1281 1328 1535   93]
[ 294 1281 1419 1557 1328 1535]
[ 294 1419 1328 1557 1535 1281]
[ 294 1419   93 1535 1328 1281]
[ 294 1281   93 1535 1328 1419]
[ 294 1535   93 1328 1281 1419]
[ 294 1535 1328   93 1281 1419]
[ 938 1281 1535 1419 1328   93]
[ 938 1281 1557 1419 1328 1535]
[ 938 1281   93 1557 1535 1419]
[ 938 1328 1281 1557 1535 1419]
[ 938 1419 1535 1281 1328   93]
[ 938 1419 1535 1281 1328   93]
[ 938 1419 1535   93 1281 1328]
[ 938 1419 1535   93 1281 1328]
[ 938 1419 1557 1535   93 1281]
[ 938 1281   93 1535 1419 1328]
[ 938 1419 1281 1557 1328 1535]
[ 938 1419 1535   93 1328 1281]
[ 938 1419   93 1535 1328 1281]
[ 938 1419   93 1535 1328 1281]
[ 938 1419 1535 1328   93 1281]
[ 938 1281   93 1535 1419 1328]
[ 938 1419   93 1535 1281 1328]
[ 938 1419 1535 1281   93 1328]
[ 938 1419 1281 1535   93 1328]
[ 938 1419   93 1535 1281 1328]
[ 938 1419 1328 1281   93 1535]
[ 938 1419 1281 1535 1328   93]
[ 938 1419   93 1535 1281 1328]
[ 938 1419 1281 1535   93 1557]
[ 938 1419 1557 1281 1535   93]
[ 938 1419 1281 1557 1535   93]
[ 938 1419 1328 1535 1281   93]
[ 938 1419 1328   93 1281 1535]
[ 938 1419 1557   93 1281 1535]
[1343 1419 1281 1557 1535 1328]
At i = 1101:
[ 294 1419 1535   93 1281 1328]
[ 294 1419   93 1535 1281 1328]
[ 294 1419 1328   93 1535 1281]
[ 294 1419 1535 1328 1281   93]
[ 294 1419   93 1535 1281 1328]
[ 294 1328 1419 1557 1281 1535]
[ 294 1419 1281 1328 1535   93]
[ 294 1281 1419 1557 1328 1535]
[ 294 1419 1328 1557 1535 1281]
[ 294 1419   93 1535 1328 1281]
[ 294 1281   93 1535 1328 1419]
[ 294 1535   93 1328 1281 1419]
[ 294 1535 1328   93 1281 1419]
[ 162 1328 1281 1419   93 1535]
[ 938 1281 1535 1419 1328   93]
[ 938 1281 1557 1419 1328 1535]
[ 938 1419 1557 1535 1281 1328]
[ 938 1281   93 1557 1535 1419]
[ 938 1328 1281 1557 1535 1419]
[ 938 1419 1535 1281 1328   93]
[ 938 1419 1535 1281 1328   93]
[ 938 1419 1535   93 1281 1328]
[ 938 1419 1535   93 1281 1328]
[ 938 1419 1557 1535   93 1281]
[ 938 1281   93 1535 1419 1328]
[ 938 1419 1281 1557 1328 1535]
[ 938 1419 1535   93 1328 1281]
[ 938 1419   93 1535 1328 1281]
[ 938 1419   93 1535 1328 1281]
[ 938 1419 1535 1328   93 1281]
[ 938 1281   93 1535 1419 1328]
[ 938 1419   93 1281 1535 1328]
[ 938 1419 1281 1535 1328   93]
[ 938 1419   93 1281 1535 1328]
[ 938 1419   93 1535 1281 1328]
[ 938 1419 1535 1281   93 1328]
[ 938 1419 1281 1535   93 1328]
[ 938 1419   93 1535 1281 1328]
[ 938 1419 1328 1281   93 1535]
[ 938 1419 1281 1535 1328   93]
[ 938 1419   93 1535 1281 1328]
[ 248 1419 1557 1281 1535   93]
At i = 1121:
[ 294 1419   93 1535 1281 1328]
[ 294 1419 1535   93 1281 1328]
[ 294 1419   93 1535 1281 1328]
[ 294 1419 1328   93 1535 1281]
[ 294 1419 1535 1328 1281   93]
[ 294 1419   93 1535 1281 1328]
[ 294 1328 1419 1557 1281 1535]
[ 294 1419 1281 1328 1535   93]
[ 294 1281 1419 1557 1328 1535]
[ 294 1419 1328 1557 1535 1281]
[ 294 1419   93 1535 1328 1281]
[ 294 1281   93 1535 1328 1419]
[ 294 1535   93 1328 1281 1419]
[ 294 1535 1328   93 1281 1419]
[ 162 1328 1281 1419   93 1535]
[ 938 1281 1535 1419 1328   93]
[ 938 1281 1557 1419 1328 1535]
[ 938 1419 1557 1535 1281 1328]
[ 938 1281   93 1557 1535 1419]
[ 938 1328 1281 1557 1535 1419]
[ 938 1419 1535 1281 1328   93]
[ 938 1419 1535 1281 1328   93]
[ 938 1419 1535   93 1281 1328]
[ 938 1419 1535   93 1281 1328]
[ 938 1419 1557 1535   93 1281]
[ 938 1281   93 1535 1419 1328]
[ 938 1419 1281 1557 1328 1535]
[ 938 1419 1535   93 1328 1281]
[ 938 1419   93 1535 1328 1281]
[ 938 1419   93 1535 1328 1281]
[ 938 1419 1535 1328   93 1281]
[ 938 1281   93 1535 1419 1328]
[ 938 1419 1281 1535 1328   93]
[ 938 1419   93 1281 1535 1328]
[ 938 1419 1281 1535 1328   93]
[ 938 1419   93 1281 1535 1328]
[ 938 1419   93 1535 1281 1328]
[ 938 1419 1535 1281   93 1328]
[ 938 1419 1281 1535   93 1328]
[ 938 1419   93 1535 1281 1328]
[ 131 1281 1419 1535   93 1328]
[ 927 1419   93 1535 1281 1328]
