At i = 1:
0.944580814660819
0.9260768417256035
0.9190544705492407
0.9182505365089493
0.9182248482280061
0.9160569061880547
0.9046687469323033
0.9018441728715869
0.9001055538353828
0.8998950437302623
0.8926087861665726
0.8903350579857793
0.8855526851662653
0.8834500188938886
0.8799176474626711
0.8795676559884932
0.8789092817299354
0.8773789252473309
0.8743050260886874
0.873545482279899
0.8727585440794338
0.8721122995825433
0.8718291532940114
0.870585711418059
0.8705533410492667
0.8705040205181117
0.8680555023612766
0.8664626124033357
0.8636931074671845
0.8621250409938912
0.8620013738268314
0.8617156750857781
0.8614011858966203
0.8577507396024104
0.8576542703781325
0.8574728759774183
0.8564560438762229
0.8554092982378654
0.8541697635247831
0.8532725146060667
0.8531494361597834
0.8521817100589337
At i = 21:
0.966427795224522
0.9470913882241343
0.944580814660819
0.9406294834072934
0.9402761889806457
0.9402509568943203
0.9391087966970738
0.9346882645822239
0.9334531104368883
0.9319911604821096
0.9311876449951905
0.9278361546766648
0.9260768417256035
0.9256879051306837
0.9255992688130547
0.925486967661675
0.9248145237302883
0.9243669325936659
0.9241808465778667
0.923394217942444
0.9233866414999593
0.9230591743143645
0.9229671410420294
0.9224566987066022
0.9215994842049025
0.9209453554377444
0.9195390478172897
0.9190970260525947
0.9190544705492407
0.9183976879989172
0.9182505365089493
0.9182248482280061
0.9181830408229601
0.9177162868157372
0.9172233269969712
0.9168959042236579
0.916364516107192
0.9160569061880547
0.9156564318605385
0.915380889355499
0.9151350759606879
0.9138898835904824
At i = 41:
0.966427795224522
0.9470913882241343
0.9445867552850138
0.944580814660819
0.9439868732611537
0.9434550284826145
0.9430112886425546
0.9425922748115242
0.9419611286995874
0.9406294834072934
0.9402761889806457
0.9402509568943203
0.9401136927988603
0.9391887165130925
0.9391087966970738
0.9390098983767188
0.93820128885968
0.9368606317478259
0.9346882645822239
0.9334531104368883
0.9328966014206914
0.9328583931745237
0.9327911943007012
0.9325536097437838
0.9323643145720107
0.9319911604821096
0.931931216045454
0.9311876449951905
0.9306027205726184
0.9303187094965105
0.9285821938889106
0.9278361546766648
0.9269845863166399
0.9268424319440282
0.9260768417256035
0.9259474880461936
0.9256879051306837
0.9255992688130547
0.925486967661675
0.9254839892927585
0.9252994062318824
0.9248145237302883
At i = 61:
0.966427795224522
0.9542718549732904
0.9512051839794948
0.9478460959805497
0.9471231824556785
0.9470913882241343
0.9452730002510206
0.9445867552850138
0.944580814660819
0.9439868732611537
0.9436683063663006
0.9434550284826145
0.9434447251324967
0.9430112886425546
0.9425922748115242
0.9419611286995874
0.9406294834072934
0.9402761889806457
0.9402509568943203
0.9401136927988603
0.9400109984247659
0.9391887165130925
0.9391087966970738
0.9390098983767188
0.93820128885968
0.9381045405355406
0.9374086716859138
0.9373683574379867
0.9368606317478259
0.9366901412723343
0.9348570431798421
0.9346882645822239
0.9334531104368883
0.9334142350670166
0.9328966014206914
0.9328583931745237
0.9327911943007012
0.9326356912082494
0.9325536097437838
0.9323643145720107
0.9322831953219824
0.9322331939096382
At i = 81:
0.966427795224522
0.9623270480928926
0.9619653238312824
0.9611503476862471
0.9584959455988782
0.9557854798205405
0.9555057083175637
0.9542718549732904
0.953225734453289
0.9531212540297599
0.9512051839794948
0.9511843631095805
0.9501865274547185
0.9501668997118957
0.9490110117973535
0.9478460959805497
0.9471231824556785
0.9470913882241343
0.9452730002510206
0.9445867552850138
0.944580814660819
0.9439868732611537
0.9436683063663006
0.9434550284826145
0.9434447251324967
0.9433969175209129
0.9432217768354573
0.9430112886425546
0.9429485071116156
0.9425922748115242
0.9419611286995874
0.941871561301107
0.941825669678088
0.9406294834072934
0.9405009036813393
0.9403679583318989
0.9402761889806457
0.9402586874341211
0.9402509568943203
0.9401136927988603
0.9400109984247659
0.9399597404765127
At i = 101:
0.9859521121530715
0.966427795224522
0.9623270480928926
0.9619667139676321
0.9619653238312824
0.9611503476862471
0.9611395481843932
0.9609612587659642
0.960736988809734
0.9584959455988782
0.9576784341362956
0.9571949468422831
0.9557854798205405
0.9555057083175637
0.9549772575402756
0.9542718549732904
0.953225734453289
0.9531212540297599
0.9512051839794948
0.9511843631095805
0.9510743649976298
0.9501865274547185
0.9501668997118957
0.9500259627308143
0.9498993515914508
0.9490110117973535
0.9485142788386869
0.9478460959805497
0.947411496291144
0.9471231824556785
0.9470913882241343
0.9467406894086402
0.9457288766046187
0.9452730002510206
0.9445867552850138
0.944580814660819
0.9439938174089828
0.9439868732611537
0.9437551786203026
0.9436683063663006
0.9434550284826145
0.9434447251324967
At i = 121:
0.9859521121530715
0.9673783432613926
0.966427795224522
0.9627423782134239
0.9623270480928926
0.9619667139676321
0.9619653238312824
0.9611503476862471
0.9611395481843932
0.9609612587659642
0.960736988809734
0.9603321866270238
0.9584959455988782
0.9581775110247908
0.9576784341362956
0.9571949468422831
0.9557854798205405
0.9555057083175637
0.9549772575402756
0.9542718549732904
0.9539811702517753
0.9539778314176707
0.953225734453289
0.9531212540297599
0.9529240264886897
0.9520315493319251
0.9512912851138079
0.9512051839794948
0.9511843631095805
0.9510743649976298
0.9501865274547185
0.9501668997118957
0.9500259627308143
0.9498993515914508
0.9495536354696138
0.9490110117973535
0.9485142788386869
0.948162472843355
0.9478460959805497
0.947767193859458
0.947411496291144
0.9472653528121507
At i = 141:
0.9859521121530715
0.9741285016192843
0.9673783432613926
0.966427795224522
0.9642316908696544
0.9627486278806422
0.9627423782134239
0.9625527325959654
0.9623270480928926
0.9619667139676321
0.9619653238312824
0.9611503476862471
0.9611395481843932
0.9609612587659642
0.960736988809734
0.9603321866270238
0.9601450163635377
0.9586952307928607
0.9584959455988782
0.9581775110247908
0.9576784341362956
0.9571949468422831
0.9571072778901616
0.9557854798205405
0.9555057083175637
0.9549772575402756
0.9542718549732904
0.9539811702517753
0.9539778314176707
0.953225734453289
0.9531212540297599
0.9529240264886897
0.9524015260152213
0.9521729193490118
0.9520315493319251
0.9518472257534965
0.9516950616520298
0.9512912851138079
0.9512051839794948
0.9511843631095805
0.9510743649976298
0.9505625565022846
At i = 161:
0.9859521121530715
0.9741285016192843
0.9679290903400964
0.9673783432613926
0.966427795224522
0.9649593866022488
0.9645695435394044
0.9642316908696544
0.9631359562094015
0.9627486278806422
0.9627423782134239
0.9625527325959654
0.9623270480928926
0.9619667139676321
0.9619653238312824
0.9611503476862471
0.9611395481843932
0.9609612587659642
0.960736988809734
0.9603321866270238
0.9601450163635377
0.9586952307928607
0.9584959455988782
0.9581775110247908
0.9576784341362956
0.9571949468422831
0.9571072778901616
0.9557854798205405
0.9555057083175637
0.9549772575402756
0.9546461942806146
0.9542718549732904
0.9539811702517753
0.9539778314176707
0.9538300872014712
0.9534345723462235
0.953225734453289
0.9531212540297599
0.9529240264886897
0.9524015260152213
0.9521729193490118
0.9520315493319251
At i = 181:
0.9859521121530715
0.9741285016192843
0.9685972137058647
0.9679290903400964
0.9673783432613926
0.966427795224522
0.9664097172162256
0.9649593866022488
0.964927403758336
0.9648101134716658
0.9645695435394044
0.9642316908696544
0.9631359562094015
0.9627486278806422
0.9627423782134239
0.9625527325959654
0.9623270480928926
0.9619667139676321
0.9619653238312824
0.9611503476862471
0.9611395481843932
0.9609612587659642
0.960736988809734
0.9603321866270238
0.9601450163635377
0.9586952307928607
0.9584959455988782
0.9581775110247908
0.9576784341362956
0.9575469657432915
0.9571949468422831
0.9571072778901616
0.956172669104651
0.9557854798205405
0.9555057083175637
0.9549772575402756
0.9546983719624277
0.9546461942806146
0.9542718549732904
0.9539811702517753
0.9539778314176707
0.9538300872014712
At i = 201:
0.9859521121530715
0.9741285016192843
0.9685972137058647
0.9679290903400964
0.9673783432613926
0.966427795224522
0.9664097172162256
0.9649593866022488
0.964927403758336
0.9648101134716658
0.9647075751481881
0.9645695435394044
0.9642316908696544
0.9636013990026236
0.9631359562094015
0.9627486278806422
0.9627423782134239
0.9625527325959654
0.9623270480928926
0.9622475398650902
0.9619667139676321
0.9619653238312824
0.9611503476862471
0.9611395481843932
0.9609612587659642
0.960736988809734
0.9603321866270238
0.9601450163635377
0.9598582234856101
0.9586952307928607
0.9584959455988782
0.9581775110247908
0.9576784341362956
0.9575469657432915
0.9571949468422831
0.9571072778901616
0.9570882975365161
0.956172669104651
0.9557854798205405
0.9555057083175637
0.9549772575402756
0.9548473727269727
At i = 221:
0.9859521121530715
0.9741285016192843
0.9716499921144781
0.9685972137058647
0.9679290903400964
0.9673783432613926
0.966427795224522
0.9664097172162256
0.9652242465175285
0.9649593866022488
0.964927403758336
0.9648101134716658
0.9647075751481881
0.9645695435394044
0.9642316908696544
0.9636013990026236
0.9631359562094015
0.9627486278806422
0.9627423782134239
0.9625527325959654
0.9623270480928926
0.9622475398650902
0.9619667139676321
0.9619653238312824
0.9611503476862471
0.9611395481843932
0.9609612587659642
0.960736988809734
0.9603321866270238
0.9601450163635377
0.96014290855102
0.9598582234856101
0.9586952307928607
0.9584959455988782
0.9581775110247908
0.9576784341362956
0.9575469657432915
0.9571949468422831
0.9571072778901616
0.9570882975365161
0.9570610114959475
0.956172669104651
At i = 241:
0.9859521121530715
0.9741285016192843
0.9716499921144781
0.9710030650183312
0.9693186090942854
0.9685972137058647
0.9679290903400964
0.9673783432613926
0.9669728321302119
0.966427795224522
0.9664097172162256
0.9652242465175285
0.9649593866022488
0.964927403758336
0.9648101134716658
0.9647075751481881
0.9646581018292686
0.9645695435394044
0.9642316908696544
0.9636013990026236
0.9633462199502785
0.9631359562094015
0.9627486278806422
0.9627423782134239
0.9625527325959654
0.9623270480928926
0.9622475398650902
0.9619667139676321
0.9619653238312824
0.9611503476862471
0.9611395481843932
0.9609612587659642
0.960736988809734
0.9603321866270238
0.9602588384597507
0.9601450163635377
0.96014290855102
0.9598582234856101
0.9586952307928607
0.9586845542022636
0.9585828817784008
0.9584959455988782
At i = 261:
0.9859521121530715
0.984367761685574
0.9741285016192843
0.9716499921144781
0.9710030650183312
0.9693186090942854
0.9692293175494315
0.9689459030988388
0.9685972137058647
0.9679290903400964
0.9673783432613926
0.9669728321302119
0.9667414141592241
0.966427795224522
0.9664097172162256
0.9652242465175285
0.9649593866022488
0.964927403758336
0.9648101134716658
0.9647075751481881
0.9646581018292686
0.9645695435394044
0.9642316908696544
0.9640912241339118
0.9636013990026236
0.9633462199502785
0.9631359562094015
0.9627486278806422
0.9627423782134239
0.9625527325959654
0.9623270480928926
0.9622475398650902
0.9619667139676321
0.9619653238312824
0.96193131332057
0.9613426641900774
0.9611503476862471
0.9611395481843932
0.9609647285820239
0.9609612587659642
0.9608620131236443
0.960736988809734
At i = 281:
0.9859521121530715
0.984367761685574
0.9834850569829379
0.9800058611751559
0.9741285016192843
0.9740493621632584
0.9716499921144781
0.9710030650183312
0.970590994327392
0.9693186090942854
0.9692293175494315
0.9689459030988388
0.9688644442044853
0.9687992277127726
0.9685972137058647
0.9684396983225882
0.9679290903400964
0.9676996177029563
0.9673783432613926
0.9669728321302119
0.9669670190860814
0.9667414141592241
0.966427795224522
0.9664097172162256
0.9660016307122662
0.9654075249146129
0.9652358051440035
0.9652242465175285
0.9649593866022488
0.964927403758336
0.9648101134716658
0.9647075751481881
0.9646959161604168
0.9646581018292686
0.9645695435394044
0.9642316908696544
0.9640912241339118
0.9636255891547706
0.9636013990026236
0.9633462199502785
0.9633011499392378
0.9632753319354291
At i = 301:
0.9939940218859277
0.9859521121530715
0.984367761685574
0.9834850569829379
0.9800058611751559
0.9741285016192843
0.9740493621632584
0.9725658145693615
0.9717199129633266
0.9716499921144781
0.9710030650183312
0.970590994327392
0.9705692478168456
0.9693186090942854
0.9692293175494315
0.9689459030988388
0.9688644442044853
0.9687992277127726
0.9685972137058647
0.9684396983225882
0.9682527424698119
0.9679290903400964
0.9678764002527925
0.9676996177029563
0.9673783432613926
0.9669728321302119
0.9669670190860814
0.9669483576930402
0.9667414141592241
0.966427795224522
0.9664097172162256
0.9660016307122662
0.9654642845263667
0.9654075249146129
0.9652358051440035
0.9652242465175285
0.9649593866022488
0.964927403758336
0.9648202585104407
0.9648101134716658
0.9647075751481881
0.9646959161604168
At i = 321:
0.9939940218859277
0.9859521121530715
0.984367761685574
0.9834850569829379
0.982280981736786
0.9800058611751559
0.9741285016192843
0.974078406110193
0.9740493621632584
0.9726450259518231
0.9725909677494665
0.9725658145693615
0.9717199129633266
0.9716499921144781
0.9710228192685807
0.9710030650183312
0.9707972335992754
0.970590994327392
0.9705692478168456
0.969338882824279
0.9693186090942854
0.9692293175494315
0.9690610970897428
0.9689459030988388
0.9688644442044853
0.9687992277127726
0.9687614358767137
0.9685972137058647
0.9684396983225882
0.9682527424698119
0.9682235787339989
0.9679290903400964
0.9678764002527925
0.9676996177029563
0.9673783432613926
0.9669728321302119
0.9669670190860814
0.9669483576930402
0.9667414141592241
0.966427795224522
0.9664097172162256
0.9660016307122662
At i = 341:
0.9939940218859277
0.9859521121530715
0.9853363037165073
0.984367761685574
0.9834850569829379
0.982280981736786
0.9800058611751559
0.9769813714118454
0.9741285016192843
0.974078406110193
0.9740493621632584
0.9726450259518231
0.9725909677494665
0.9725658145693615
0.9717199129633266
0.9716499921144781
0.9710228192685807
0.9710030650183312
0.9707972335992754
0.970590994327392
0.9705692478168456
0.970416847753318
0.9700611133398003
0.969338882824279
0.9693186090942854
0.9692293175494315
0.9690610970897428
0.9689898483499422
0.9689459030988388
0.9688644442044853
0.968851867612984
0.9687992277127726
0.9687614358767137
0.9685972137058647
0.9684396983225882
0.9682527424698119
0.9682235787339989
0.9679290903400964
0.9679089302550064
0.9678764002527925
0.967730528653394
0.9676996177029563
At i = 361:
0.9939940218859277
0.9899409904401989
0.9859521121530715
0.9853363037165073
0.984367761685574
0.9834850569829379
0.9829287049579764
0.982280981736786
0.9800058611751559
0.9793749200112778
0.9769813714118454
0.9762241796360045
0.9754607501310765
0.9753483014743556
0.974552731873267
0.974520505493736
0.9741285016192843
0.9740836297366859
0.974078406110193
0.9740493621632584
0.9736020149094706
0.973549526794536
0.9732404729619482
0.9731806051970961
0.9730776445123585
0.9726450259518231
0.9725909677494665
0.9725658145693615
0.9723765593342497
0.9722231770950259
0.9722081097772586
0.9717199129633266
0.9716690615095094
0.9716499921144781
0.971508246909306
0.9714571301360411
0.971325712062386
0.9713257120623859
0.9710228192685807
0.9710030650183312
0.9707972335992754
0.970590994327392
At i = 381:
0.9939940218859277
0.9925253252412902
0.992388444265009
0.9899409904401989
0.9898996456425089
0.989652087841754
0.9891050595194755
0.9889917677899615
0.988909690558375
0.9889088078910565
0.9881032811224372
0.9874140324688441
0.9868995438078911
0.9859521121530715
0.9853363037165073
0.9846750713017229
0.984367761685574
0.9834850569829379
0.9832765639148728
0.9829287049579764
0.9825538622981196
0.982280981736786
0.9821028456408745
0.9819790541735182
0.9814180051311113
0.9814057961711165
0.9800058611751559
0.9793749200112778
0.9792930101479981
0.9769813714118454
0.9769662488014046
0.9769042280092278
0.9767515674922235
0.976627075392739
0.976377794513199
0.9763001089618452
0.9762810113622655
0.9762241796360045
0.9759442841233782
0.9756891461661745
0.975583992882386
0.9754607501310765
At i = 401:
0.9939940218859277
0.9931022975792706
0.9926968034686444
0.9925253252412902
0.9924970752552246
0.992388444265009
0.9909478488568466
0.9903020001665888
0.9902659051163599
0.9899409904401989
0.9898996456425089
0.989652087841754
0.9896056492003407
0.9895000987281705
0.9892185757421229
0.9891450802847543
0.9891050595194755
0.9890895175941468
0.9890895175941465
0.9890378896195843
0.9889947853013313
0.9889917677899615
0.988947534178687
0.9889405834182163
0.9889347607540413
0.988909690558375
0.9889088078910565
0.9881032811224372
0.9874140324688441
0.9868995438078911
0.9864273057465416
0.9859521121530715
0.9853363037165073
0.9846750713017229
0.984367761685574
0.9834850569829379
0.9832765639148728
0.9829287049579764
0.9827480557920256
0.9825538622981196
0.9823290419620913
0.982280981736786
At i = 421:
0.9939940218859277
0.9931022975792706
0.9926968034686444
0.9925253252412902
0.9924970752552246
0.992388444265009
0.9917962120144961
0.9915799722507281
0.991384240582136
0.9913729143425264
0.9909478488568467
0.9909478488568466
0.9909478488568464
0.9906315028449952
0.9903020001665888
0.9903020001665883
0.9902659051163599
0.9899925713181804
0.9899409904401989
0.9898996456425089
0.989652087841754
0.9896056492003407
0.9895173826172683
0.9895000987281705
0.9894895430616947
0.9894224452155012
0.9893752887830662
0.9892185757421229
0.9892185757421225
0.9891450802847543
0.9891050595194755
0.9890895175941468
0.9890895175941466
0.9890895175941465
0.9890378896195847
0.9890378896195843
0.9890363711089465
0.9890276344271044
0.9889947853013313
0.9889917677899615
0.9889616661429419
0.9889475341786871
At i = 441:
0.9939940218859277
0.9938535076281251
0.9931022975792706
0.9926968034686444
0.9925253252412902
0.9924970752552246
0.9924017416799357
0.992388444265009
0.9922336086316872
0.9921237944032252
0.9917962120144961
0.9916159955729795
0.9915799722507281
0.9915194375765927
0.9913842405821361
0.991384240582136
0.9913729143425264
0.9913027740772811
0.9910518912346638
0.9909478488568467
0.9909478488568466
0.9909478488568464
0.9908432681328984
0.9906315028449952
0.9903020001665888
0.9903020001665883
0.9902948290692821
0.9902659051163599
0.9902633268481423
0.990263326848142
0.9902633268481419
0.99001532673353
0.9899925713181804
0.989989022261298
0.9899409904401989
0.9899409904401989
0.9899409904401989
0.9898996456425089
0.9897152924912707
0.9897080110553444
0.989652087841754
0.9896056492003407
At i = 461:
0.9961201689794111
0.9939940218859277
0.9939403418471048
0.9938535076281252
0.9938535076281251
0.9936273018993141
0.9935451848587278
0.9935451848587276
0.9931022975792708
0.9931022975792706
0.9926968034686444
0.9925253252412902
0.9924970752552246
0.9924017416799357
0.9923932668147475
0.9923932668147475
0.9923932668147475
0.992388444265009
0.9923351831992582
0.992281807607287
0.9922336086316872
0.9921237944032252
0.9921237944032252
0.9920515966414953
0.9917962120144965
0.9917962120144962
0.9917962120144961
0.9916159955729799
0.9916159955729795
0.9915799722507281
0.9915194375765928
0.9915194375765927
0.9913842405821361
0.9913842405821361
0.991384240582136
0.9913729143425264
0.9913456094829002
0.9913027740772811
0.991249025148088
0.9911875574893831
0.9910751496258272
0.9910751496258268
At i = 481:
0.9961201689794111
0.9955115164407193
0.9943832140259934
0.9939940218859277
0.993940341847105
0.9939403418471048
0.9938535076281252
0.9938535076281251
0.9938308400943355
0.9936273018993141
0.9936273018993141
0.9935451848587281
0.9935451848587278
0.9935451848587278
0.9935451848587276
0.9934513285009254
0.9931776066843324
0.9931058932386319
0.9931022975792708
0.9931022975792706
0.9927248215366102
0.9926968034686444
0.9926968034686442
0.9925253252412902
0.9925068565881792
0.9924970752552246
0.9924017416799357
0.9924017416799354
0.9923932668147475
0.9923932668147475
0.9923932668147475
0.992388444265009
0.9923351831992582
0.992281807607287
0.992239682266861
0.9922336086316872
0.9921237944032252
0.9921237944032252
0.9921237944032251
0.9920806517220029
0.9920515966414953
At i = 501:
0.9961201689794111
0.9955115164407193
0.9953936889334518
0.9943832140259935
0.9943832140259934
0.9939940218859277
0.993940341847105
0.9939403418471048
0.9938535076281252
0.9938535076281251
0.9938308400943355
0.9936273018993141
0.9936273018993141
0.9935451848587281
0.993545184858728
0.9935451848587279
0.9935451848587278
0.9935451848587278
0.9935451848587278
0.9935451848587278
0.9935451848587276
0.9934513285009254
0.9933849050706954
0.9933849050706954
0.9931776066843324
0.9931058932386319
0.9931022975792708
0.9931022975792706
0.9927248215366102
0.9926968034686444
0.9926968034686444
0.9926968034686442
0.9926968034686442
0.9925253252412902
0.9925167505522272
0.9925068565881792
0.9924970752552246
0.9924017416799357
0.9924017416799354
0.9923932668147475
0.9923932668147475
0.9923932668147475
At i = 521:
0.9961201689794111
0.9955115164407193
0.9953936889334518
0.9953936889334518
0.9943832140259935
0.9943832140259934
0.9939940218859277
0.9939403418471051
0.993940341847105
0.9939403418471048
0.9938535076281252
0.9938535076281251
0.9938308400943355
0.9936273018993145
0.9936273018993143
0.9936273018993141
0.9936273018993141
0.9936273018993141
0.9936273018993139
0.9935451848587282
0.9935451848587282
0.9935451848587281
0.993545184858728
0.9935451848587279
0.9935451848587278
0.9935451848587278
0.9935451848587278
0.9935451848587278
0.9935451848587276
0.9935451848587276
0.9934513285009254
0.9933849050706954
0.9933849050706954
0.9931776066843324
0.9931058932386319
0.9931058932386319
0.9931058932386317
0.9931022975792712
0.9931022975792708
0.9931022975792707
0.9931022975792707
0.9931022975792706
At i = 541:
0.9961201689794111
0.9961201689794111
0.9955115164407193
0.9953936889334518
0.9953936889334518
0.9945863738885066
0.9943832140259935
0.9943832140259934
0.9939940218859277
0.9939403418471051
0.993940341847105
0.9939403418471048
0.9938535076281252
0.9938535076281252
0.9938535076281252
0.9938535076281251
0.9938308400943356
0.9938308400943355
0.9938308400943354
0.9936273018993145
0.9936273018993145
0.9936273018993143
0.9936273018993141
0.9936273018993141
0.9936273018993141
0.9936273018993139
0.9936273018993139
0.9935451848587282
0.9935451848587282
0.9935451848587281
0.993545184858728
0.9935451848587279
0.9935451848587278
0.9935451848587278
0.9935451848587278
0.9935451848587278
0.9935451848587278
0.9935451848587276
0.9935451848587276
0.9934513285009254
0.9934018303661319
0.9925718205047663
At i = 561:
0.9961201689794111
0.9961201689794111
0.9955115164407193
0.9953936889334518
0.9953936889334518
0.9945863738885066
0.9945863738885062
0.9943832140259935
0.9943832140259934
0.9943832140259934
0.9939940218859277
0.9939403418471052
0.9939403418471051
0.993940341847105
0.9939403418471048
0.9938535076281252
0.9938535076281252
0.9938535076281252
0.9938535076281251
0.9938308400943356
0.9938308400943355
0.9938308400943355
0.9938308400943354
0.9936273018993145
0.9936273018993145
0.9936273018993145
0.9936273018993143
0.9936273018993141
0.9936273018993141
0.9936273018993141
0.9936273018993139
0.9936273018993139
0.9935451848587282
0.9935451848587282
0.9935451848587282
0.9935451848587281
0.9935451848587281
0.993545184858728
0.9935451848587279
0.9935451848587279
0.9935451848587278
0.9931776066843322
At i = 581:
0.9961201689794111
0.9961201689794111
0.9955115164407193
0.9955115164407193
0.9955115164407193
0.995393688933452
0.9953936889334518
0.9953936889334518
0.994729589473025
0.9945863738885066
0.9945863738885065
0.9945863738885062
0.9943832140259935
0.9943832140259935
0.9943832140259935
0.9943832140259934
0.9943832140259934
0.9943832140259934
0.9939940218859277
0.9939403418471052
0.9939403418471051
0.993940341847105
0.9939403418471048
0.9938535076281252
0.9938535076281252
0.9938535076281252
0.9938535076281252
0.9938535076281251
0.9938388742160921
0.9938308400943356
0.9938308400943355
0.9938308400943355
0.9938308400943355
0.9938308400943354
0.9936273018993146
0.9936273018993145
0.9936273018993145
0.9936273018993145
0.9936273018993145
0.9936273018993143
0.9936273018993141
0.9935451848587278
At i = 601:
0.9961201689794117
0.9961201689794114
0.9961201689794112
0.9961201689794111
0.9961201689794111
0.9961201689794111
0.9955115164407193
0.9955115164407193
0.9955115164407193
0.9955115164407193
0.9955115164407192
0.995393688933452
0.9953936889334518
0.9953936889334518
0.994729589473025
0.9945863738885066
0.9945863738885065
0.9945863738885063
0.9945863738885062
0.9943832140259935
0.9943832140259935
0.9943832140259935
0.9943832140259935
0.9943832140259934
0.9943832140259934
0.9943832140259934
0.9939940218859277
0.9939403418471052
0.9939403418471051
0.993940341847105
0.993940341847105
0.9939403418471048
0.9938535076281252
0.9938535076281252
0.9938535076281252
0.9938535076281252
0.9938535076281252
0.9938535076281251
0.9938388742160921
0.9938308400943356
0.9938308400943355
0.9934907650254675
At i = 621:
1.0
0.9961201689794117
0.9961201689794114
0.9961201689794112
0.9961201689794111
0.9961201689794111
0.9961201689794111
0.9958314087367908
0.9955115164407193
0.9955115164407193
0.9955115164407193
0.9955115164407193
0.9955115164407193
0.9955115164407192
0.995393688933452
0.9953936889334518
0.9953936889334518
0.994729589473025
0.9945863738885066
0.9945863738885065
0.9945863738885063
0.9945863738885062
0.9943832140259935
0.9943832140259935
0.9943832140259935
0.9943832140259935
0.9943832140259935
0.9943832140259934
0.9943832140259934
0.9943832140259934
0.9943832140259933
0.9939940218859277
0.9939914606058509
0.9939403418471052
0.9939403418471051
0.993940341847105
0.993940341847105
0.993940341847105
0.9939403418471048
0.9938535076281252
0.9938535076281252
0.9938535076281252
At i = 641:
1.0
0.9961201689794117
0.9961201689794114
0.9961201689794112
0.9961201689794111
0.9961201689794111
0.9961201689794111
0.9958314087367908
0.9958314087367908
0.9955115164407193
0.9955115164407193
0.9955115164407193
0.9955115164407193
0.9955115164407193
0.9955115164407192
0.995393688933452
0.9953936889334518
0.9953936889334518
0.994729589473025
0.9945863738885066
0.9945863738885065
0.9945863738885063
0.9945863738885062
0.9945863738885058
0.9943832140259937
0.9943832140259935
0.9943832140259935
0.9943832140259935
0.9943832140259935
0.9943832140259935
0.9943832140259934
0.9943832140259934
0.9943832140259934
0.9943832140259934
0.9943832140259934
0.9943832140259933
0.9939940218859277
0.9939914606058509
0.9939403418471052
0.9939403418471051
0.993940341847105
0.9931776066843321
At i = 661:
1.0
0.9961201689794117
0.9961201689794114
0.9961201689794112
0.9961201689794112
0.9961201689794111
0.9961201689794111
0.9961201689794111
0.9958314087367908
0.9958314087367908
0.9955115164407193
0.9955115164407193
0.9955115164407193
0.9955115164407193
0.9955115164407193
0.9955115164407192
0.995511516440719
0.995393688933452
0.9953936889334518
0.9953936889334518
0.9947295894730251
0.994729589473025
0.9945863738885066
0.9945863738885065
0.9945863738885063
0.9945863738885062
0.9945863738885058
0.9943832140259937
0.9943832140259935
0.9943832140259935
0.9943832140259935
0.9943832140259935
0.9943832140259935
0.9943832140259935
0.9943832140259934
0.9943832140259934
0.9943832140259934
0.9943832140259934
0.9943832140259934
0.9943832140259933
0.9939940218859277
0.9939914606058509
At i = 681:
1.0
0.9961201689794117
0.9961201689794114
0.9961201689794112
0.9961201689794112
0.9961201689794111
0.9961201689794111
0.9961201689794111
0.9958314087367909
0.9958314087367908
0.9958314087367908
0.9955115164407193
0.9955115164407193
0.9955115164407193
0.9955115164407193
0.9955115164407193
0.9955115164407192
0.995511516440719
0.9955115164407189
0.995393688933452
0.9953936889334518
0.9953936889334518
0.9947295894730251
0.994729589473025
0.9945863738885066
0.9945863738885065
0.9945863738885065
0.9945863738885063
0.9945863738885062
0.9945863738885058
0.9943832140259937
0.9943832140259935
0.9943832140259935
0.9943832140259935
0.9943832140259935
0.9943832140259935
0.9943832140259935
0.9943832140259935
0.9943832140259934
0.9943832140259934
0.9943832140259934
0.9938388742160922
At i = 701:
1.0
0.9961201689794117
0.9961201689794114
0.9961201689794112
0.9961201689794112
0.9961201689794111
0.9961201689794111
0.9961201689794111
0.9958314087367909
0.9958314087367908
0.9958314087367908
0.9958314087367908
0.9958314087367904
0.9955115164407193
0.9955115164407193
0.9955115164407193
0.9955115164407193
0.9955115164407193
0.9955115164407192
0.9955115164407192
0.9955115164407192
0.995511516440719
0.9955115164407189
0.9955115164407188
0.9953936889334521
0.995393688933452
0.9953936889334518
0.9953936889334518
0.9947295894730253
0.9947295894730251
0.994729589473025
0.9945863738885066
0.9945863738885065
0.9945863738885065
0.9945863738885063
0.9945863738885062
0.9945863738885061
0.9945863738885058
0.9943832140259937
0.9943832140259937
0.9943832140259935
0.9933849050706954
At i = 721:
1.0000000000000002
1.0
0.9961201689794117
0.9961201689794114
0.9961201689794114
0.9961201689794112
0.9961201689794112
0.9961201689794111
0.9961201689794111
0.9961201689794111
0.9958314087367909
0.9958314087367908
0.9958314087367908
0.9958314087367908
0.9958314087367904
0.9955115164407193
0.9955115164407193
0.9955115164407193
0.9955115164407193
0.9955115164407193
0.9955115164407193
0.9955115164407192
0.9955115164407192
0.9955115164407192
0.9955115164407192
0.995511516440719
0.9955115164407189
0.9955115164407188
0.9953936889334521
0.995393688933452
0.9953936889334518
0.9953936889334518
0.9953936889334518
0.9947295894730255
0.9947295894730255
0.9947295894730255
0.9947295894730253
0.9947295894730251
0.994729589473025
0.9945863738885066
0.9945863738885065
0.9945863738885065
At i = 741:
1.0000000000000002
1.0
0.9961201689794117
0.9961201689794114
0.9961201689794114
0.9961201689794112
0.9961201689794112
0.9961201689794111
0.9961201689794111
0.9961201689794111
0.9961201689794109
0.9958314087367909
0.9958314087367908
0.9958314087367908
0.9958314087367908
0.9958314087367904
0.9955115164407193
0.9955115164407193
0.9955115164407193
0.9955115164407193
0.9955115164407193
0.9955115164407193
0.9955115164407192
0.9955115164407192
0.9955115164407192
0.9955115164407192
0.9955115164407192
0.995511516440719
0.995511516440719
0.9955115164407189
0.9955115164407188
0.9953936889334521
0.995393688933452
0.995393688933452
0.9953936889334518
0.9953936889334518
0.9953936889334518
0.9953936889334518
0.9947295894730255
0.9947295894730255
0.9947295894730255
0.9947295894730253
At i = 761:
1.0000000000000002
1.0000000000000002
1.0
0.9961201689794117
0.9961201689794114
0.9961201689794114
0.9961201689794112
0.9961201689794112
0.9961201689794111
0.9961201689794111
0.9961201689794111
0.9961201689794109
0.9958314087367909
0.9958314087367908
0.9958314087367908
0.9958314087367908
0.9958314087367908
0.9958314087367905
0.9958314087367904
0.9955115164407193
0.9955115164407193
0.9955115164407193
0.9955115164407193
0.9955115164407193
0.9955115164407193
0.9955115164407192
0.9955115164407192
0.9955115164407192
0.9955115164407192
0.9955115164407192
0.995511516440719
0.995511516440719
0.9955115164407189
0.9955115164407188
0.9953936889334521
0.995393688933452
0.995393688933452
0.995393688933452
0.995393688933452
0.9953936889334518
0.9939403418471048
0.9936273018993143
At i = 781:
1.0000000000000002
1.0000000000000002
1.0
0.9961201689794117
0.9961201689794114
0.9961201689794114
0.9961201689794112
0.9961201689794112
0.9961201689794112
0.9961201689794111
0.9961201689794111
0.9961201689794111
0.9961201689794111
0.9961201689794109
0.9958314087367909
0.9958314087367908
0.9958314087367908
0.9958314087367908
0.9958314087367908
0.9958314087367908
0.9958314087367905
0.9958314087367905
0.9958314087367904
0.9955115164407193
0.9955115164407193
0.9955115164407193
0.9955115164407193
0.9955115164407193
0.9955115164407193
0.9955115164407192
0.9955115164407192
0.9955115164407192
0.9955115164407192
0.9955115164407192
0.995511516440719
0.995511516440719
0.9955115164407189
0.9955115164407188
0.9953936889334521
0.995393688933452
0.995393688933452
0.9945863738885066
At i = 801:
1.0000000000000002
1.0000000000000002
1.0000000000000002
1.0
0.9961201689794117
0.9961201689794114
0.9961201689794114
0.9961201689794112
0.9961201689794112
0.9961201689794112
0.9961201689794111
0.9961201689794111
0.9961201689794111
0.9961201689794111
0.9961201689794109
0.9958314087367909
0.9958314087367909
0.9958314087367908
0.9958314087367908
0.9958314087367908
0.9958314087367908
0.9958314087367908
0.9958314087367905
0.9958314087367905
0.9958314087367904
0.9955115164407193
0.9955115164407193
0.9955115164407193
0.9955115164407193
0.9955115164407193
0.9955115164407193
0.9955115164407192
0.9955115164407192
0.9955115164407192
0.9955115164407192
0.9955115164407192
0.9955115164407192
0.995511516440719
0.995511516440719
0.995511516440719
0.9955115164407189
0.9955115164407188
At i = 821:
1.0000000000000002
1.0000000000000002
1.0000000000000002
1.0
0.9961201689794117
0.9961201689794114
0.9961201689794114
0.9961201689794112
0.9961201689794112
0.9961201689794112
0.9961201689794111
0.9961201689794111
0.9961201689794111
0.9961201689794111
0.9961201689794109
0.9958314087367909
0.9958314087367909
0.9958314087367908
0.9958314087367908
0.9958314087367908
0.9958314087367908
0.9958314087367908
0.9958314087367905
0.9958314087367905
0.9958314087367904
0.9955115164407193
0.9955115164407193
0.9955115164407193
0.9955115164407193
0.9955115164407193
0.9955115164407193
0.9955115164407192
0.9955115164407192
0.9955115164407192
0.9955115164407192
0.9955115164407192
0.9955115164407192
0.9955115164407192
0.995511516440719
0.995511516440719
0.9943832140259934
0.9935451848587278
At i = 841:
1.0000000000000002
1.0000000000000002
1.0000000000000002
1.0
1.0
0.9961201689794117
0.9961201689794114
0.9961201689794114
0.9961201689794112
0.9961201689794112
0.9961201689794112
0.9961201689794111
0.9961201689794111
0.9961201689794111
0.9961201689794111
0.9961201689794111
0.9961201689794109
0.9961201689794109
0.9958314087367909
0.9958314087367909
0.9958314087367908
0.9958314087367908
0.9958314087367908
0.9958314087367908
0.9958314087367908
0.9958314087367908
0.9958314087367908
0.9958314087367908
0.9958314087367905
0.9958314087367905
0.9958314087367904
0.9955115164407193
0.9955115164407193
0.9955115164407193
0.9955115164407193
0.9955115164407193
0.9955115164407193
0.9955115164407192
0.9955115164407192
0.9955115164407192
0.993853507628125
At i = 861:
1.0000000000000002
1.0000000000000002
1.0000000000000002
1.0
1.0
0.9961201689794117
0.9961201689794114
0.9961201689794114
0.9961201689794112
0.9961201689794112
0.9961201689794112
0.9961201689794112
0.9961201689794112
0.9961201689794111
0.9961201689794111
0.9961201689794111
0.9961201689794111
0.9961201689794111
0.9961201689794111
0.9961201689794111
0.9961201689794109
0.9961201689794109
0.9958314087367909
0.9958314087367909
0.9958314087367908
0.9958314087367908
0.9958314087367908
0.9958314087367908
0.9958314087367908
0.9958314087367908
0.9958314087367908
0.9958314087367908
0.9958314087367908
0.9958314087367905
0.9958314087367905
0.9958314087367905
0.9958314087367904
0.9955115164407193
0.9955115164407193
0.9955115164407193
0.9955115164407193
0.9934970813150128
At i = 881:
1.0000000000000002
1.0000000000000002
1.0000000000000002
1.0
1.0
0.9961201689794117
0.9961201689794116
0.9961201689794114
0.9961201689794114
0.9961201689794112
0.9961201689794112
0.9961201689794112
0.9961201689794112
0.9961201689794112
0.9961201689794112
0.9961201689794111
0.9961201689794111
0.9961201689794111
0.9961201689794111
0.9961201689794111
0.9961201689794111
0.9961201689794111
0.9961201689794111
0.9961201689794111
0.9961201689794109
0.9961201689794109
0.9958314087367909
0.9958314087367909
0.9958314087367908
0.9958314087367908
0.9958314087367908
0.9958314087367908
0.9958314087367908
0.9958314087367908
0.9958314087367908
0.9958314087367908
0.9958314087367908
0.9958314087367908
0.9958314087367908
0.9958314087367905
0.9958314087367905
0.993991460605851
At i = 901:
1.0000000000000002
1.0000000000000002
1.0000000000000002
1.0
1.0
0.9961201689794117
0.9961201689794116
0.9961201689794114
0.9961201689794114
0.9961201689794112
0.9961201689794112
0.9961201689794112
0.9961201689794112
0.9961201689794112
0.9961201689794112
0.9961201689794111
0.9961201689794111
0.9961201689794111
0.9961201689794111
0.9961201689794111
0.9961201689794111
0.9961201689794111
0.9961201689794111
0.9961201689794111
0.9961201689794109
0.9961201689794109
0.9958314087367909
0.9958314087367909
0.9958314087367909
0.9958314087367908
0.9958314087367908
0.9958314087367908
0.9958314087367908
0.9958314087367908
0.9958314087367908
0.9958314087367908
0.9958314087367908
0.9958314087367908
0.9958314087367908
0.9958314087367908
0.9958314087367905
0.9958314087367905
At i = 921:
1.0000000000000002
1.0000000000000002
1.0000000000000002
1.0000000000000002
1.0
1.0
0.9961201689794117
0.9961201689794116
0.9961201689794114
0.9961201689794114
0.9961201689794112
0.9961201689794112
0.9961201689794112
0.9961201689794112
0.9961201689794112
0.9961201689794112
0.9961201689794111
0.9961201689794111
0.9961201689794111
0.9961201689794111
0.9961201689794111
0.9961201689794111
0.9961201689794111
0.9961201689794111
0.9961201689794111
0.9961201689794111
0.9961201689794109
0.9961201689794109
0.9958314087367909
0.9958314087367909
0.9958314087367909
0.9958314087367908
0.9958314087367908
0.9958314087367908
0.9958314087367908
0.9958314087367908
0.9958314087367908
0.9958314087367908
0.9958314087367908
0.9958314087367908
0.9958314087367908
0.9958314087367908
At i = 941:
1.0000000000000002
1.0000000000000002
1.0000000000000002
1.0000000000000002
1.0
1.0
0.9961201689794117
0.9961201689794116
0.9961201689794114
0.9961201689794114
0.9961201689794112
0.9961201689794112
0.9961201689794112
0.9961201689794112
0.9961201689794112
0.9961201689794112
0.9961201689794111
0.9961201689794111
0.9961201689794111
0.9961201689794111
0.9961201689794111
0.9961201689794111
0.9961201689794111
0.9961201689794111
0.9961201689794111
0.9961201689794111
0.9961201689794111
0.9961201689794111
0.9961201689794109
0.9961201689794109
0.9958314087367909
0.9958314087367909
0.9958314087367909
0.9958314087367908
0.9958314087367908
0.9958314087367908
0.9958314087367908
0.9958314087367908
0.9958314087367908
0.9958314087367908
0.9958314087367908
0.9955115164407192
At i = 961:
1.0000000000000002
1.0000000000000002
1.0000000000000002
1.0000000000000002
1.0000000000000002
1.0
1.0
0.9961201689794117
0.9961201689794116
0.9961201689794114
0.9961201689794114
0.9961201689794112
0.9961201689794112
0.9961201689794112
0.9961201689794112
0.9961201689794112
0.9961201689794112
0.9961201689794111
0.9961201689794111
0.9961201689794111
0.9961201689794111
0.9961201689794111
0.9961201689794111
0.9961201689794111
0.9961201689794111
0.9961201689794111
0.9961201689794111
0.9961201689794111
0.9961201689794111
0.9961201689794109
0.9961201689794109
0.9958314087367909
0.9958314087367909
0.9958314087367909
0.9958314087367908
0.9958314087367908
0.9958314087367908
0.9958314087367908
0.9958314087367908
0.9958314087367908
0.9958314087367908
0.9958314087367908
At i = 981:
1.0000000000000002
1.0000000000000002
1.0000000000000002
1.0000000000000002
1.0000000000000002
1.0000000000000002
1.0
1.0
1.0
0.9961201689794117
0.9961201689794116
0.9961201689794114
0.9961201689794114
0.9961201689794112
0.9961201689794112
0.9961201689794112
0.9961201689794112
0.9961201689794112
0.9961201689794112
0.9961201689794112
0.9961201689794111
0.9961201689794111
0.9961201689794111
0.9961201689794111
0.9961201689794111
0.9961201689794111
0.9961201689794111
0.9961201689794111
0.9961201689794111
0.9961201689794111
0.9961201689794111
0.9961201689794111
0.9961201689794111
0.9961201689794111
0.9961201689794109
0.9961201689794109
0.995975839141037
0.9958314087367909
0.9958314087367909
0.9958314087367909
0.9938308400943355
0.9938308400943353
At i = 1001:
1.0000000000000002
1.0000000000000002
1.0000000000000002
1.0000000000000002
1.0000000000000002
1.0000000000000002
1.0
1.0
1.0
1.0
0.9961201689794117
0.9961201689794116
0.9961201689794114
0.9961201689794114
0.9961201689794112
0.9961201689794112
0.9961201689794112
0.9961201689794112
0.9961201689794112
0.9961201689794112
0.9961201689794112
0.9961201689794112
0.9961201689794112
0.9961201689794111
0.9961201689794111
0.9961201689794111
0.9961201689794111
0.9961201689794111
0.9961201689794111
0.9961201689794111
0.9961201689794111
0.9961201689794111
0.9961201689794111
0.9961201689794111
0.9961201689794111
0.9961201689794111
0.9961201689794111
0.9961201689794111
0.9961201689794109
0.9961201689794109
0.995975839141037
0.9958314087367909
At i = 1021:
1.0000000000000002
1.0000000000000002
1.0000000000000002
1.0000000000000002
1.0000000000000002
1.0000000000000002
1.0
1.0
1.0
1.0
0.9961201689794117
0.9961201689794116
0.9961201689794114
0.9961201689794114
0.9961201689794112
0.9961201689794112
0.9961201689794112
0.9961201689794112
0.9961201689794112
0.9961201689794112
0.9961201689794112
0.9961201689794112
0.9961201689794112
0.9961201689794111
0.9961201689794111
0.9961201689794111
0.9961201689794111
0.9961201689794111
0.9961201689794111
0.9961201689794111
0.9961201689794111
0.9961201689794111
0.9961201689794111
0.9961201689794111
0.9961201689794111
0.9961201689794111
0.9961201689794111
0.9961201689794111
0.9961201689794111
0.996120168979411
0.9961201689794109
0.9961201689794109
At i = 1041:
1.0000000000000002
1.0000000000000002
1.0000000000000002
1.0000000000000002
1.0000000000000002
1.0000000000000002
1.0000000000000002
1.0
1.0
1.0
1.0
0.9961201689794117
0.9961201689794116
0.9961201689794114
0.9961201689794114
0.9961201689794112
0.9961201689794112
0.9961201689794112
0.9961201689794112
0.9961201689794112
0.9961201689794112
0.9961201689794112
0.9961201689794112
0.9961201689794112
0.9961201689794111
0.9961201689794111
0.9961201689794111
0.9961201689794111
0.9961201689794111
0.9961201689794111
0.9961201689794111
0.9961201689794111
0.9961201689794111
0.9961201689794111
0.9961201689794111
0.9961201689794111
0.9961201689794111
0.9961201689794111
0.9961201689794111
0.9961201689794111
0.9958314087367908
0.9953936889334518
At i = 1061:
1.0000000000000002
1.0000000000000002
1.0000000000000002
1.0000000000000002
1.0000000000000002
1.0000000000000002
1.0000000000000002
1.0
1.0
1.0
1.0
0.9961201689794117
0.9961201689794116
0.9961201689794114
0.9961201689794114
0.9961201689794112
0.9961201689794112
0.9961201689794112
0.9961201689794112
0.9961201689794112
0.9961201689794112
0.9961201689794112
0.9961201689794112
0.9961201689794112
0.9961201689794112
0.9961201689794111
0.9961201689794111
0.9961201689794111
0.9961201689794111
0.9961201689794111
0.9961201689794111
0.9961201689794111
0.9961201689794111
0.9961201689794111
0.9961201689794111
0.9961201689794111
0.9961201689794111
0.9961201689794111
0.9961201689794111
0.9961201689794111
0.9961201689794111
0.9958314087367909
At i = 1081:
1.0000000000000002
1.0000000000000002
1.0000000000000002
1.0000000000000002
1.0000000000000002
1.0000000000000002
1.0000000000000002
1.0000000000000002
1.0
1.0
1.0
1.0
0.9961201689794117
0.9961201689794116
0.9961201689794114
0.9961201689794114
0.9961201689794112
0.9961201689794112
0.9961201689794112
0.9961201689794112
0.9961201689794112
0.9961201689794112
0.9961201689794112
0.9961201689794112
0.9961201689794112
0.9961201689794112
0.9961201689794112
0.9961201689794112
0.9961201689794111
0.9961201689794111
0.9961201689794111
0.9961201689794111
0.9961201689794111
0.9961201689794111
0.9961201689794111
0.9961201689794111
0.9961201689794111
0.9961201689794111
0.9961201689794111
0.9961201689794111
0.9961201689794111
0.995393688933452
At i = 1101:
1.0000000000000002
1.0000000000000002
1.0000000000000002
1.0000000000000002
1.0000000000000002
1.0000000000000002
1.0000000000000002
1.0000000000000002
1.0000000000000002
1.0
1.0
1.0
1.0
0.996131142488143
0.9961201689794117
0.9961201689794116
0.9961201689794114
0.9961201689794114
0.9961201689794114
0.9961201689794112
0.9961201689794112
0.9961201689794112
0.9961201689794112
0.9961201689794112
0.9961201689794112
0.9961201689794112
0.9961201689794112
0.9961201689794112
0.9961201689794112
0.9961201689794112
0.9961201689794112
0.9961201689794111
0.9961201689794111
0.9961201689794111
0.9961201689794111
0.9961201689794111
0.9961201689794111
0.9961201689794111
0.9961201689794111
0.9961201689794111
0.9961201689794111
0.995511516440719
At i = 1121:
1.0000000000000002
1.0000000000000002
1.0000000000000002
1.0000000000000002
1.0000000000000002
1.0000000000000002
1.0000000000000002
1.0000000000000002
1.0000000000000002
1.0000000000000002
1.0
1.0
1.0
1.0
0.996131142488143
0.9961201689794117
0.9961201689794116
0.9961201689794114
0.9961201689794114
0.9961201689794114
0.9961201689794112
0.9961201689794112
0.9961201689794112
0.9961201689794112
0.9961201689794112
0.9961201689794112
0.9961201689794112
0.9961201689794112
0.9961201689794112
0.9961201689794112
0.9961201689794112
0.9961201689794112
0.9961201689794111
0.9961201689794111
0.9961201689794111
0.9961201689794111
0.9961201689794111
0.9961201689794111
0.9961201689794111
0.9961201689794111
0.9959758391410369
0.9955115164407192
