At i = 1:
0.8259166711287033
0.7900654041765509
0.7823587009897378
0.7823587009897378
0.7808951897004474
0.7784691454671001
0.774395798516987
0.7728345549864706
0.7728345549864706
0.7728345549864706
0.7721099961494126
0.7715339557259462
0.7705233251279197
0.7658252610420048
0.7628646550953034
0.7615259712556979
0.7568820654072271
0.7558703087085975
0.7468272419839315
0.7465197027987048
0.7431459904959394
0.7426477565511223
0.7426477565511223
0.7402346455485155
0.7402346455485155
0.7395301250292399
0.7300237693977014
0.7228625371403851
0.7170294749128042
0.7129997665994543
At i = 21:
0.8575138368096799
0.8575138368096799
0.8575138368096799
0.8575138368096799
0.8575138368096799
0.8575138368096799
0.8575138368096799
0.8575138368096799
0.8575138368096799
0.8575138368096799
0.8575138368096799
0.8354560131028076
0.8354560131028076
0.8299668034372145
0.8259166711287033
0.8259166711287033
0.825128029044575
0.825128029044575
0.8251280290445749
0.8249614482351855
0.8237989695704678
0.8166930940694094
0.8134018321688672
0.8132820356614695
0.8085781972219082
0.8067021139607953
0.8048755650755326
0.8048755650755326
0.8048755650755326
0.8041604459657976
0.8025747385297954
At i = 41:
0.872630637635506
0.8575138368096799
0.8575138368096799
0.8575138368096799
0.8575138368096799
0.8575138368096799
0.8575138368096799
0.8575138368096799
0.8575138368096799
0.8575138368096799
0.8575138368096799
0.8575138368096799
0.8575138368096799
0.8575138368096799
0.8575138368096799
0.8575138368096796
0.8544502860115284
0.850977354460797
0.840628243470289
0.8363301091877214
0.8361408333022573
0.8354560131028076
0.8354560131028076
0.8354560131028076
0.8354560131028076
0.8354560131028076
0.8354560131028076
0.8354560131028076
0.8354560131028076
0.831392880972261
At i = 61:
0.9008107144815807
0.8881380760652785
0.8845918760283703
0.872630637635506
0.8662341310573782
0.8660435474349193
0.8658837621590111
0.8645446384670176
0.863506909545774
0.8598794653988776
0.8598120116029065
0.8589207149817311
0.8575138368096799
0.8575138368096799
0.8575138368096799
0.8575138368096799
0.8575138368096799
0.8575138368096799
0.8575138368096799
0.8575138368096799
0.8575138368096799
0.8575138368096799
0.8575138368096799
0.8575138368096799
0.8575138368096799
0.8575138368096799
0.8575138368096799
0.8575138368096799
0.8575138368096799
0.8575138368096796
0.8575138368096796
At i = 81:
0.9181770597542609
0.902992857114186
0.9008107144815807
0.8881380760652785
0.8854782763580125
0.8845918760283703
0.8837099987910648
0.8778838273456147
0.874636002223395
0.8727711843143694
0.872630637635506
0.8703655630299257
0.8674577320962847
0.86726029257844
0.8662341310573782
0.8660435474349193
0.8660435474349193
0.8660435474349193
0.8660435474349193
0.8660435474349193
0.8660435474349193
0.8660435474349193
0.8660435474349193
0.8658837621590111
0.8645446384670176
0.863506909545774
0.8634806570727157
0.8598794653988776
0.8598714485174721
0.8598714485174721
At i = 101:
0.9547029321090129
0.9229117905535251
0.9181770597542609
0.90689399028311
0.902992857114186
0.9019962759723534
0.9008107144815807
0.8881380760652785
0.8854782763580125
0.8850221404748916
0.8845918760283703
0.8837099987910648
0.8802034901369759
0.8799347122999222
0.8778838273456147
0.8768798090908083
0.8761369131552863
0.8748272597841273
0.874636002223395
0.8727711843143694
0.872630637635506
0.8703655630299257
0.8703655630299257
0.8674577320962847
0.86726029257844
0.8663787936709239
0.8662341310573782
0.8660435474349193
0.8660435474349193
0.8660435474349193
At i = 121:
0.9547029321090129
0.9339002786567796
0.9229117905535251
0.9227907514498579
0.9181770597542609
0.90689399028311
0.902992857114186
0.9019962759723534
0.9013061917806856
0.9010475702906076
0.9009200691868341
0.9009200691868341
0.9009200691868341
0.9008107144815807
0.8998907659228835
0.8997510683171239
0.8997510683171239
0.8997510683171239
0.8997510683171239
0.8997510683171239
0.8997510683171239
0.8997510683171239
0.8997510683171239
0.8997510683171239
0.8997510683171239
0.8997510683171239
0.8997510683171239
0.8997510683171239
0.8997510683171239
0.8997510683171239
0.8985425047144444
At i = 141:
0.9547029321090129
0.9435666889391694
0.9339002786567796
0.9229117905535251
0.9227907514498579
0.9181770597542609
0.90689399028311
0.9054945797698217
0.902992857114186
0.9019962759723534
0.9013061917806856
0.9010475702906076
0.9009200691868341
0.9009200691868341
0.9009200691868341
0.9009200691868341
0.9009200691868341
0.9009200691868341
0.9009200691868341
0.9009200691868341
0.9009200691868341
0.9009200691868341
0.9009200691868341
0.9009200691868341
0.9009200691868341
0.9009200691868341
0.9008107144815807
0.900335978140228
0.8998907659228835
0.8997510683171239
0.8997510683171239
At i = 161:
0.9663224705805901
0.9547029321090129
0.9435666889391694
0.9339002786567796
0.9229117905535251
0.9229117905535247
0.9227907514498579
0.9181770597542609
0.9140559770383692
0.9140559770383692
0.90689399028311
0.9060700731761053
0.9054945797698217
0.905014489484038
0.902992857114186
0.9028431464023416
0.9019962759723534
0.9013061917806856
0.9010475702906076
0.9009200691868341
0.9009200691868341
0.9009200691868341
0.9009200691868341
0.9009200691868341
0.9009200691868341
0.9009200691868341
0.9009200691868341
0.9009200691868341
0.9009200691868341
0.9009200691868341
At i = 181:
0.9663224705805901
0.9547029321090129
0.9435666889391694
0.9339002786567796
0.9256681106475783
0.9229117905535251
0.9229117905535247
0.9227907514498579
0.9181770597542609
0.9145584401312016
0.9140559770383692
0.9140559770383692
0.9140559770383692
0.9118632392326506
0.90689399028311
0.9060700731761053
0.9057337902656752
0.9054945797698217
0.905014489484038
0.902992857114186
0.9028431464023416
0.9022856657937273
0.9022591106614161
0.9022591106614161
0.9020670213183932
0.9019962759723534
0.9013061917806856
0.9010475702906076
0.9009200691868341
0.9009200691868341
At i = 201:
0.9663224705805901
0.9608286726787415
0.9608286726787415
0.9547029321090129
0.9509389943679538
0.9435666889391694
0.9435093382082681
0.9339002786567796
0.9337269801821642
0.930670576456377
0.930670576456377
0.9286974511067384
0.9286974511067384
0.9256681106475783
0.923463485388403
0.9229117905535251
0.9229117905535247
0.9227907514498579
0.9222199245567488
0.9222199245567488
0.9222199245567488
0.9199781954493361
0.919409814731754
0.9194098147317538
0.9194098147317538
0.9194098147317538
0.9186917960213704
0.9182095881341324
0.9182095881341323
0.9182095881341321
At i = 221:
0.9663224705805901
0.9608286726787415
0.9608286726787415
0.9608286726787415
0.9608286726787415
0.9608286726787415
0.9608286726787415
0.9608286726787415
0.9608286726787415
0.9583862677655561
0.9583862677655561
0.9583862677655561
0.9547029321090129
0.9509389943679538
0.9509389943679538
0.9509389943679538
0.9509389943679538
0.9509389943679538
0.9509389943679538
0.9449327828218823
0.9449327828218823
0.9449327828218823
0.9449327828218823
0.9449327828218823
0.9449327828218823
0.9449327828218823
0.9449327828218823
0.9435666889391694
0.9435093382082687
0.9435093382082687
0.9435093382082687
At i = 241:
0.9663224705805901
0.9608286726787415
0.9608286726787415
0.9608286726787415
0.9608286726787415
0.9608286726787415
0.9608286726787415
0.9608286726787415
0.9608286726787415
0.9608286726787415
0.9608286726787415
0.9608286726787415
0.9608286726787415
0.9608286726787415
0.9583862677655561
0.9583862677655561
0.9583862677655561
0.9583862677655561
0.9583862677655561
0.9583862677655561
0.9583862677655561
0.9583862677655561
0.9583862677655561
0.9583862677655561
0.9583862677655561
0.9547029321090129
0.9509389943679538
0.9509389943679538
0.9509389943679538
0.9509389943679538
At i = 261:
0.9663224705805901
0.9608286726787415
0.9608286726787415
0.9608286726787415
0.9608286726787415
0.9608286726787415
0.9608286726787415
0.9608286726787415
0.9608286726787415
0.9608286726787415
0.9608286726787415
0.9608286726787415
0.9608286726787415
0.9608286726787415
0.9608286726787415
0.9608286726787415
0.9608286726787415
0.9608286726787415
0.9608286726787415
0.9608286726787415
0.9608286726787415
0.9608286726787415
0.9608286726787415
0.9608286726787415
0.9608286726787415
0.9608286726787415
0.9608286726787415
0.9608286726787415
0.9583862677655561
0.9583862677655561
0.9583862677655561
At i = 281:
0.9663224705805901
0.9608286726787415
0.9608286726787415
0.9608286726787415
0.9608286726787415
0.9608286726787415
0.9608286726787415
0.9608286726787415
0.9608286726787415
0.9608286726787415
0.9608286726787415
0.9608286726787415
0.9608286726787415
0.9608286726787415
0.9608286726787415
0.9608286726787415
0.9608286726787415
0.9608286726787415
0.9608286726787415
0.9608286726787415
0.9608286726787415
0.9608286726787415
0.9608286726787415
0.9608286726787415
0.9608286726787415
0.9608286726787415
0.9608286726787415
0.9608286726787415
0.9608286726787415
0.9608286726787415
0.9608286726787415
At i = 301:
0.9663224705805901
0.9623006096178408
0.9608286726787415
0.9608286726787415
0.9608286726787415
0.9608286726787415
0.9608286726787415
0.9608286726787415
0.9608286726787415
0.9608286726787415
0.9608286726787415
0.9608286726787415
0.9608286726787415
0.9608286726787415
0.9608286726787415
0.9608286726787415
0.9608286726787415
0.9608286726787415
0.9608286726787415
0.9608286726787415
0.9608286726787415
0.9608286726787415
0.9608286726787415
0.9608286726787415
0.9608286726787415
0.9608286726787415
0.9608286726787415
0.9608286726787415
0.9608286726787415
0.9608286726787415
0.9509389943679538
At i = 321:
0.9663224705805901
0.9623006096178408
0.9608286726787415
0.9608286726787415
0.9608286726787415
0.9608286726787415
0.9608286726787415
0.9608286726787415
0.9608286726787415
0.9608286726787415
0.9608286726787415
0.9608286726787415
0.9608286726787415
0.9608286726787415
0.9608286726787415
0.9608286726787415
0.9608286726787415
0.9608286726787415
0.9608286726787415
0.9608286726787415
0.9608286726787415
0.9608286726787415
0.9608286726787415
0.9608286726787415
0.9608286726787415
0.9608286726787415
0.9608286726787415
0.9608286726787415
0.9608286726787415
0.9608286726787415
At i = 341:
0.9663224705805901
0.9623006096178408
0.9608286726787415
0.9608286726787415
0.9608286726787415
0.9608286726787415
0.9608286726787415
0.9608286726787415
0.9608286726787415
0.9608286726787415
0.9608286726787415
0.9608286726787415
0.9608286726787415
0.9608286726787415
0.9608286726787415
0.9608286726787415
0.9608286726787415
0.9608286726787415
0.9608286726787415
0.9608286726787415
0.9608286726787415
0.9608286726787415
0.9608286726787415
0.9608286726787415
0.9608286726787415
0.9608286726787415
0.9608286726787415
0.9608286726787415
0.9608286726787415
0.9608286726787415
0.9608286726787415
At i = 361:
0.9663224705805901
0.9623006096178408
0.9608286726787415
0.9608286726787415
0.9608286726787415
0.9608286726787415
0.9608286726787415
0.9608286726787415
0.9608286726787415
0.9608286726787415
0.9608286726787415
0.9608286726787415
0.9608286726787415
0.9608286726787415
0.9608286726787415
0.9608286726787415
0.9608286726787415
0.9608286726787415
0.9608286726787415
0.9608286726787415
0.9608286726787415
0.9608286726787415
0.9608286726787415
0.9608286726787415
0.9608286726787415
0.9608286726787415
0.9608286726787415
0.9608286726787415
0.9608286726787415
0.9608286726787415
0.9583862677655561
0.9583862677655561
At i = 381:
0.9663224705805901
0.9623006096178408
0.9608286726787415
0.9608286726787415
0.9608286726787415
0.9608286726787415
0.9608286726787415
0.9608286726787415
0.9608286726787415
0.9608286726787415
0.9608286726787415
0.9608286726787415
0.9608286726787415
0.9608286726787415
0.9608286726787415
0.9608286726787415
0.9608286726787415
0.9608286726787415
0.9608286726787415
0.9608286726787415
0.9608286726787415
0.9608286726787415
0.9608286726787415
0.9608286726787415
0.9608286726787415
0.9608286726787415
0.9608286726787415
0.9608286726787415
0.9608286726787415
0.9608286726787415
At i = 401:
0.9663224705805901
0.9623006096178408
0.9608286726787415
0.9608286726787415
0.9608286726787415
0.9608286726787415
0.9608286726787415
0.9608286726787415
0.9608286726787415
0.9608286726787415
0.9608286726787415
0.9608286726787415
0.9608286726787415
0.9608286726787415
0.9608286726787415
0.9608286726787415
0.9608286726787415
0.9608286726787415
0.9608286726787415
0.9608286726787415
0.9608286726787415
0.9608286726787415
0.9608286726787415
0.9608286726787415
0.9608286726787415
0.9608286726787415
0.9608286726787415
0.9608286726787415
0.9608286726787415
0.9608286726787415
At i = 421:
0.9663224705805901
0.9623006096178408
0.9608286726787415
0.9608286726787415
0.9608286726787415
0.9608286726787415
0.9608286726787415
0.9608286726787415
0.9608286726787415
0.9608286726787415
0.9608286726787415
0.9608286726787415
0.9608286726787415
0.9608286726787415
0.9608286726787415
0.9608286726787415
0.9608286726787415
0.9608286726787415
0.9608286726787415
0.9608286726787415
0.9608286726787415
0.9608286726787415
0.9608286726787415
0.9608286726787415
0.9608286726787415
0.9608286726787415
0.9608286726787415
0.9608286726787415
0.9608286726787415
0.9608286726787415
At i = 441:
0.9663224705805901
0.9623006096178408
0.9608286726787415
0.9608286726787415
0.9608286726787415
0.9608286726787415
0.9608286726787415
0.9608286726787415
0.9608286726787415
0.9608286726787415
0.9608286726787415
0.9608286726787415
0.9608286726787415
0.9608286726787415
0.9608286726787415
0.9608286726787415
0.9608286726787415
0.9608286726787415
0.9608286726787415
0.9608286726787415
0.9608286726787415
0.9608286726787415
0.9608286726787415
0.9608286726787415
0.9608286726787415
0.9608286726787415
0.9608286726787415
0.9608286726787415
0.9608286726787415
0.9608286726787415
0.9608286726787415
At i = 461:
0.9663224705805901
0.9623006096178408
0.9608286726787415
0.9608286726787415
0.9608286726787415
0.9608286726787415
0.9608286726787415
0.9608286726787415
0.9608286726787415
0.9608286726787415
0.9608286726787415
0.9608286726787415
0.9608286726787415
0.9608286726787415
0.9608286726787415
0.9608286726787415
0.9608286726787415
0.9608286726787415
0.9608286726787415
0.9608286726787415
0.9608286726787415
0.9608286726787415
0.9608286726787415
0.9608286726787415
0.9608286726787415
0.9608286726787415
0.9608286726787415
0.9608286726787415
0.9608286726787415
0.9608286726787415
0.9608286726787415
At i = 481:
0.9663224705805901
0.9623006096178408
0.9608286726787415
0.9608286726787415
0.9608286726787415
0.9608286726787415
0.9608286726787415
0.9608286726787415
0.9608286726787415
0.9608286726787415
0.9608286726787415
0.9608286726787415
0.9608286726787415
0.9608286726787415
0.9608286726787415
0.9608286726787415
0.9608286726787415
0.9608286726787415
0.9608286726787415
0.9608286726787415
0.9608286726787415
0.9608286726787415
0.9608286726787415
0.9608286726787415
0.9608286726787415
0.9608286726787415
0.9608286726787415
0.9608286726787415
0.9608286726787415
0.9608286726787415
0.9608286726787415
At i = 501:
0.9663224705805901
0.9623006096178408
0.9608286726787415
0.9608286726787415
0.9608286726787415
0.9608286726787415
0.9608286726787415
0.9608286726787415
0.9608286726787415
0.9608286726787415
0.9608286726787415
0.9608286726787415
0.9608286726787415
0.9608286726787415
0.9608286726787415
0.9608286726787415
0.9608286726787415
0.9608286726787415
0.9608286726787415
0.9608286726787415
0.9608286726787415
0.9608286726787415
0.9608286726787415
0.9608286726787415
0.9608286726787415
0.9608286726787415
0.9608286726787415
0.9608286726787415
0.9608286726787415
0.9608286726787415
0.9608286726787415
At i = 521:
0.9663224705805901
0.9623006096178408
0.9608286726787415
0.9608286726787415
0.9608286726787415
0.9608286726787415
0.9608286726787415
0.9608286726787415
0.9608286726787415
0.9608286726787415
0.9608286726787415
0.9608286726787415
0.9608286726787415
0.9608286726787415
0.9608286726787415
0.9608286726787415
0.9608286726787415
0.9608286726787415
0.9608286726787415
0.9608286726787415
0.9608286726787415
0.9608286726787415
0.9608286726787415
0.9608286726787415
0.9608286726787415
0.9608286726787415
0.9608286726787415
0.9608286726787415
0.9608286726787415
0.9608286726787415
0.9608286726787415
At i = 541:
0.9663224705805901
0.9623006096178408
0.9608286726787415
0.9608286726787415
0.9608286726787415
0.9608286726787415
0.9608286726787415
0.9608286726787415
0.9608286726787415
0.9608286726787415
0.9608286726787415
0.9608286726787415
0.9608286726787415
0.9608286726787415
0.9608286726787415
0.9608286726787415
0.9608286726787415
0.9608286726787415
0.9608286726787415
0.9608286726787415
0.9608286726787415
0.9608286726787415
0.9608286726787415
0.9608286726787415
0.9608286726787415
0.9608286726787415
0.9608286726787415
0.9608286726787415
0.9608286726787415
0.9608286726787415
0.9608286726787415
At i = 561:
0.9663224705805901
0.9623006096178408
0.9608286726787415
0.9608286726787415
0.9608286726787415
0.9608286726787415
0.9608286726787415
0.9608286726787415
0.9608286726787415
0.9608286726787415
0.9608286726787415
0.9608286726787415
0.9608286726787415
0.9608286726787415
0.9608286726787415
0.9608286726787415
0.9608286726787415
0.9608286726787415
0.9608286726787415
0.9608286726787415
0.9608286726787415
0.9608286726787415
0.9608286726787415
0.9608286726787415
0.9608286726787415
0.9608286726787415
0.9608286726787415
0.9608286726787415
0.9608286726787415
0.9608286726787415
0.9583862677655561
At i = 581:
0.9663224705805901
0.9623006096178408
0.9608286726787415
0.9608286726787415
0.9608286726787415
0.9608286726787415
0.9608286726787415
0.9608286726787415
0.9608286726787415
0.9608286726787415
0.9608286726787415
0.9608286726787415
0.9608286726787415
0.9608286726787415
0.9608286726787415
0.9608286726787415
0.9608286726787415
0.9608286726787415
0.9608286726787415
0.9608286726787415
0.9608286726787415
0.9608286726787415
0.9608286726787415
0.9608286726787415
0.9608286726787415
0.9608286726787415
0.9608286726787415
0.9608286726787415
0.9608286726787415
0.9608286726787415
0.9608286726787415
At i = 601:
0.9663224705805901
0.9623006096178408
0.9608286726787415
0.9608286726787415
0.9608286726787415
0.9608286726787415
0.9608286726787415
0.9608286726787415
0.9608286726787415
0.9608286726787415
0.9608286726787415
0.9608286726787415
0.9608286726787415
0.9608286726787415
0.9608286726787415
0.9608286726787415
0.9608286726787415
0.9608286726787415
0.9608286726787415
0.9608286726787415
0.9608286726787415
0.9608286726787415
0.9608286726787415
0.9608286726787415
0.9608286726787415
0.9608286726787415
0.9608286726787415
0.9608286726787415
0.9608286726787415
0.9608286726787415
0.9509389943679538
At i = 621:
0.9663224705805901
0.9623006096178408
0.9608286726787415
0.9608286726787415
0.9608286726787415
0.9608286726787415
0.9608286726787415
0.9608286726787415
0.9608286726787415
0.9608286726787415
0.9608286726787415
0.9608286726787415
0.9608286726787415
0.9608286726787415
0.9608286726787415
0.9608286726787415
0.9608286726787415
0.9608286726787415
0.9608286726787415
0.9608286726787415
0.9608286726787415
0.9608286726787415
0.9608286726787415
0.9608286726787415
0.9608286726787415
0.9608286726787415
0.9608286726787415
0.9608286726787415
0.9608286726787415
0.9608286726787415
0.9608286726787415
At i = 641:
0.9663224705805901
0.9623006096178408
0.9608286726787415
0.9608286726787415
0.9608286726787415
0.9608286726787415
0.9608286726787415
0.9608286726787415
0.9608286726787415
0.9608286726787415
0.9608286726787415
0.9608286726787415
0.9608286726787415
0.9608286726787415
0.9608286726787415
0.9608286726787415
0.9608286726787415
0.9608286726787415
0.9608286726787415
0.9608286726787415
0.9608286726787415
0.9608286726787415
0.9608286726787415
0.9608286726787415
0.9608286726787415
0.9608286726787415
0.9608286726787415
0.9608286726787415
0.9608286726787415
0.9608286726787415
At i = 661:
0.9663224705805901
0.9623006096178408
0.9608286726787415
0.9608286726787415
0.9608286726787415
0.9608286726787415
0.9608286726787415
0.9608286726787415
0.9608286726787415
0.9608286726787415
0.9608286726787415
0.9608286726787415
0.9608286726787415
0.9608286726787415
0.9608286726787415
0.9608286726787415
0.9608286726787415
0.9608286726787415
0.9608286726787415
0.9608286726787415
0.9608286726787415
0.9608286726787415
0.9608286726787415
0.9608286726787415
0.9608286726787415
0.9608286726787415
0.9608286726787415
0.9608286726787415
0.9608286726787415
0.9608286726787415
At i = 681:
0.9663224705805901
0.9623006096178408
0.9608286726787418
0.9608286726787418
0.9608286726787415
0.9608286726787415
0.9608286726787415
0.9608286726787415
0.9608286726787415
0.9608286726787415
0.9608286726787415
0.9608286726787415
0.9608286726787415
0.9608286726787415
0.9608286726787415
0.9608286726787415
0.9608286726787415
0.9608286726787415
0.9608286726787415
0.9608286726787415
0.9608286726787415
0.9608286726787415
0.9608286726787415
0.9608286726787415
0.9608286726787415
0.9608286726787415
0.9608286726787415
0.9608286726787415
0.9608286726787415
0.9608286726787415
At i = 701:
0.9663224705805901
0.9623006096178408
0.9623006096178408
0.9608286726787418
0.9608286726787418
0.9608286726787418
0.9608286726787415
0.9608286726787415
0.9608286726787415
0.9608286726787415
0.9608286726787415
0.9608286726787415
0.9608286726787415
0.9608286726787415
0.9608286726787415
0.9608286726787415
0.9608286726787415
0.9608286726787415
0.9608286726787415
0.9608286726787415
0.9608286726787415
0.9608286726787415
0.9608286726787415
0.9608286726787415
0.9608286726787415
0.9608286726787415
0.9608286726787415
0.9608286726787415
0.9608286726787415
0.9608286726787415
0.9500153246916471
At i = 721:
0.9663224705805901
0.9623006096178408
0.9623006096178408
0.9623006096178408
0.9608286726787418
0.9608286726787418
0.9608286726787418
0.9608286726787418
0.9608286726787418
0.9608286726787415
0.9608286726787415
0.9608286726787415
0.9608286726787415
0.9608286726787415
0.9608286726787415
0.9608286726787415
0.9608286726787415
0.9608286726787415
0.9608286726787415
0.9608286726787415
0.9608286726787415
0.9608286726787415
0.9608286726787415
0.9608286726787415
0.9608286726787415
0.9608286726787415
0.9608286726787415
0.9608286726787415
0.9608286726787415
0.9608286726787415
At i = 741:
0.9691578728665257
0.9663224705805901
0.9627119144213137
0.9623006096178408
0.9623006096178408
0.9623006096178408
0.9623006096178408
0.9608286726787418
0.9608286726787418
0.9608286726787418
0.9608286726787418
0.9608286726787418
0.9608286726787418
0.9608286726787418
0.9608286726787418
0.9608286726787418
0.9608286726787418
0.9608286726787418
0.9608286726787418
0.9608286726787415
0.9608286726787415
0.9608286726787415
0.9608286726787415
0.9608286726787415
0.9608286726787415
0.9608286726787415
0.9608286726787415
0.9608286726787415
0.9608286726787415
0.9608286726787415
0.9608286726787415
At i = 761:
0.9691578728665257
0.9663224705805901
0.965361797533234
0.9627119144213137
0.9623006096178408
0.9623006096178408
0.9623006096178408
0.9623006096178408
0.9623006096178408
0.9623006096178408
0.9608286726787418
0.9608286726787418
0.9608286726787418
0.9608286726787418
0.9608286726787418
0.9608286726787418
0.9608286726787418
0.9608286726787418
0.9608286726787418
0.9608286726787418
0.9608286726787418
0.9608286726787418
0.9608286726787418
0.9608286726787418
0.9608286726787418
0.9608286726787418
0.9608286726787418
0.9608286726787418
0.9608286726787415
0.9608286726787415
At i = 781:
0.9884247661778346
0.9691578728665257
0.9691578728665257
0.9663224705805901
0.965361797533234
0.9627119144213137
0.9625012881303596
0.9623006096178408
0.9623006096178408
0.9623006096178408
0.9623006096178408
0.9623006096178408
0.9623006096178408
0.9623006096178408
0.9608286726787418
0.9608286726787418
0.9608286726787418
0.9608286726787418
0.9608286726787418
0.9608286726787418
0.9608286726787418
0.9608286726787418
0.9608286726787418
0.9608286726787418
0.9608286726787418
0.9608286726787418
0.9608286726787418
0.9608286726787418
0.9608286726787418
0.9608286726787418
At i = 801:
0.9884247661778346
0.9884247661778346
0.985961159362404
0.985961159362404
0.985961159362404
0.9765930327609947
0.9765930327609947
0.9758274730085345
0.9758274730085345
0.9746676574983175
0.9732144327365235
0.9732144327365235
0.9732144327365235
0.9732144327365235
0.9732144327365235
0.9720705328043802
0.9720705328043802
0.9720705328043802
0.9713651393513649
0.9713651393513649
0.9713651393513649
0.9713651393513647
0.9713651393513647
0.9713651393513647
0.9703243289979433
0.9703243289979433
0.9691578728665257
0.9691578728665257
0.9691578728665257
0.9691578728665257
0.967854546754854
At i = 821:
0.9884247661778346
0.9884247661778346
0.9884247661778346
0.9884247661778346
0.9884247661778346
0.9884247661778346
0.9884247661778346
0.9884247661778346
0.9884247661778346
0.9884247661778346
0.9884247661778346
0.9884247661778346
0.9884247661778346
0.9884247661778346
0.9884247661778346
0.9884247661778346
0.9884247661778346
0.9873037500261083
0.9873037500261083
0.9873037500261083
0.985961159362404
0.985961159362404
0.985961159362404
0.985961159362404
0.985961159362404
0.985961159362404
0.985961159362404
0.985961159362404
0.985961159362404
0.985961159362404
At i = 841:
0.9884247661778346
0.9884247661778346
0.9884247661778346
0.9884247661778346
0.9884247661778346
0.9884247661778346
0.9884247661778346
0.9884247661778346
0.9884247661778346
0.9884247661778346
0.9884247661778346
0.9884247661778346
0.9884247661778346
0.9884247661778346
0.9884247661778346
0.9884247661778346
0.9884247661778346
0.9884247661778346
0.9884247661778346
0.9884247661778346
0.9884247661778346
0.9884247661778346
0.9884247661778346
0.9873037500261083
0.9873037500261083
0.9873037500261083
0.9873037500261083
0.9873037500261083
0.9873037500261083
0.9873037500261083
0.9873037500261083
At i = 861:
0.9884247661778346
0.9884247661778346
0.9884247661778346
0.9884247661778346
0.9884247661778346
0.9884247661778346
0.9884247661778346
0.9884247661778346
0.9884247661778346
0.9884247661778346
0.9884247661778346
0.9884247661778346
0.9884247661778346
0.9884247661778346
0.9884247661778346
0.9884247661778346
0.9884247661778346
0.9884247661778346
0.9884247661778346
0.9884247661778346
0.9884247661778346
0.9884247661778346
0.9884247661778346
0.9884247661778346
0.9884247661778346
0.9884247661778346
0.9884247661778346
0.9884247661778346
0.9884247661778346
0.9884247661778346
0.9884247661778346
At i = 881:
0.9884247661778346
0.9884247661778346
0.9884247661778346
0.9884247661778346
0.9884247661778346
0.9884247661778346
0.9884247661778346
0.9884247661778346
0.9884247661778346
0.9884247661778346
0.9884247661778346
0.9884247661778346
0.9884247661778346
0.9884247661778346
0.9884247661778346
0.9884247661778346
0.9884247661778346
0.9884247661778346
0.9884247661778346
0.9884247661778346
0.9884247661778346
0.9884247661778346
0.9884247661778346
0.9884247661778346
0.9884247661778346
0.9884247661778346
0.9884247661778346
0.9884247661778346
0.9884247661778346
0.9884247661778346
At i = 901:
0.9884247661778346
0.9884247661778346
0.9884247661778346
0.9884247661778346
0.9884247661778346
0.9884247661778346
0.9884247661778346
0.9884247661778346
0.9884247661778346
0.9884247661778346
0.9884247661778346
0.9884247661778346
0.9884247661778346
0.9884247661778346
0.9884247661778346
0.9884247661778346
0.9884247661778346
0.9884247661778346
0.9884247661778346
0.9884247661778346
0.9884247661778346
0.9884247661778346
0.9884247661778346
0.9884247661778346
0.9884247661778346
0.9884247661778346
0.9884247661778346
0.9884247661778346
0.9884247661778346
0.9884247661778346
At i = 921:
0.9884247661778346
0.9884247661778346
0.9884247661778346
0.9884247661778346
0.9884247661778346
0.9884247661778346
0.9884247661778346
0.9884247661778346
0.9884247661778346
0.9884247661778346
0.9884247661778346
0.9884247661778346
0.9884247661778346
0.9884247661778346
0.9884247661778346
0.9884247661778346
0.9884247661778346
0.9884247661778346
0.9884247661778346
0.9884247661778346
0.9884247661778346
0.9884247661778346
0.9884247661778346
0.9884247661778346
0.9884247661778346
0.9884247661778346
0.9884247661778346
0.9884247661778346
0.9884247661778346
0.9884247661778346
At i = 941:
0.9884247661778346
0.9884247661778346
0.9884247661778346
0.9884247661778346
0.9884247661778346
0.9884247661778346
0.9884247661778346
0.9884247661778346
0.9884247661778346
0.9884247661778346
0.9884247661778346
0.9884247661778346
0.9884247661778346
0.9884247661778346
0.9884247661778346
0.9884247661778346
0.9884247661778346
0.9884247661778346
0.9884247661778346
0.9884247661778346
0.9884247661778346
0.9884247661778346
0.9884247661778346
0.9884247661778346
0.9884247661778346
0.9884247661778346
0.9884247661778346
0.9884247661778346
0.9884247661778346
0.9884247661778346
0.985961159362404
0.985961159362404
0.985961159362404
0.985961159362404
0.985961159362404
At i = 961:
0.9884247661778346
0.9884247661778346
0.9884247661778346
0.9884247661778346
0.9884247661778346
0.9884247661778346
0.9884247661778346
0.9884247661778346
0.9884247661778346
0.9884247661778346
0.9884247661778346
0.9884247661778346
0.9884247661778346
0.9884247661778346
0.9884247661778346
0.9884247661778346
0.9884247661778346
0.9884247661778346
0.9884247661778346
0.9884247661778346
0.9884247661778346
0.9884247661778346
0.9884247661778346
0.9884247661778346
0.9884247661778346
0.9884247661778346
0.9884247661778346
0.9884247661778346
0.9884247661778346
0.9884247661778346
At i = 981:
0.9884247661778346
0.9884247661778346
0.9884247661778346
0.9884247661778346
0.9884247661778346
0.9884247661778346
0.9884247661778346
0.9884247661778346
0.9884247661778346
0.9884247661778346
0.9884247661778346
0.9884247661778346
0.9884247661778346
0.9884247661778346
0.9884247661778346
0.9884247661778346
0.9884247661778346
0.9884247661778346
0.9884247661778346
0.9884247661778346
0.9884247661778346
0.9884247661778346
0.9884247661778346
0.9884247661778346
0.9884247661778346
0.9884247661778346
0.9884247661778346
0.9884247661778346
0.9884247661778346
0.9884247661778346
At i = 1001:
0.9884247661778346
0.9884247661778346
0.9884247661778346
0.9884247661778346
0.9884247661778346
0.9884247661778346
0.9884247661778346
0.9884247661778346
0.9884247661778346
0.9884247661778346
0.9884247661778346
0.9884247661778346
0.9884247661778346
0.9884247661778346
0.9884247661778346
0.9884247661778346
0.9884247661778346
0.9884247661778346
0.9884247661778346
0.9884247661778346
0.9884247661778346
0.9884247661778346
0.9884247661778346
0.9884247661778346
0.9884247661778346
0.9884247661778346
0.9884247661778346
0.9884247661778346
0.9884247661778346
0.9884247661778346
0.9884247661778346
At i = 1021:
0.9884247661778346
0.9884247661778346
0.9884247661778346
0.9884247661778346
0.9884247661778346
0.9884247661778346
0.9884247661778346
0.9884247661778346
0.9884247661778346
0.9884247661778346
0.9884247661778346
0.9884247661778346
0.9884247661778346
0.9884247661778346
0.9884247661778346
0.9884247661778346
0.9884247661778346
0.9884247661778346
0.9884247661778346
0.9884247661778346
0.9884247661778346
0.9884247661778346
0.9884247661778346
0.9884247661778346
0.9884247661778346
0.9884247661778346
0.9884247661778346
0.9884247661778346
0.9884247661778346
0.9884247661778346
At i = 1041:
0.9884247661778346
0.9884247661778346
0.9884247661778346
0.9884247661778346
0.9884247661778346
0.9884247661778346
0.9884247661778346
0.9884247661778346
0.9884247661778346
0.9884247661778346
0.9884247661778346
0.9884247661778346
0.9884247661778346
0.9884247661778346
0.9884247661778346
0.9884247661778346
0.9884247661778346
0.9884247661778346
0.9884247661778346
0.9884247661778346
0.9884247661778346
0.9884247661778346
0.9884247661778346
0.9884247661778346
0.9884247661778346
0.9884247661778346
0.9884247661778346
0.9884247661778346
0.9884247661778346
0.9884247661778346
At i = 1061:
0.9884247661778346
0.9884247661778346
0.9884247661778346
0.9884247661778346
0.9884247661778346
0.9884247661778346
0.9884247661778346
0.9884247661778346
0.9884247661778346
0.9884247661778346
0.9884247661778346
0.9884247661778346
0.9884247661778346
0.9884247661778346
0.9884247661778346
0.9884247661778346
0.9884247661778346
0.9884247661778346
0.9884247661778346
0.9884247661778346
0.9884247661778346
0.9884247661778346
0.9884247661778346
0.9884247661778346
0.9884247661778346
0.9884247661778346
0.9884247661778346
0.9884247661778346
0.9884247661778346
0.9884247661778346
At i = 1081:
0.9884247661778346
0.9884247661778346
0.9884247661778346
0.9884247661778346
0.9884247661778346
0.9884247661778346
0.9884247661778346
0.9884247661778346
0.9884247661778346
0.9884247661778346
0.9884247661778346
0.9884247661778346
0.9884247661778346
0.9884247661778346
0.9884247661778346
0.9884247661778346
0.9884247661778346
0.9884247661778346
0.9884247661778346
0.9884247661778346
0.9884247661778346
0.9884247661778346
0.9884247661778346
0.9884247661778346
0.9884247661778346
0.9884247661778346
0.9884247661778346
0.9884247661778346
0.9884247661778346
0.9884247661778346
At i = 1101:
0.9884247661778346
0.9884247661778346
0.9884247661778346
0.9884247661778346
0.9884247661778346
0.9884247661778346
0.9884247661778346
0.9884247661778346
0.9884247661778346
0.9884247661778346
0.9884247661778346
0.9884247661778346
0.9884247661778346
0.9884247661778346
0.9884247661778346
0.9884247661778346
0.9884247661778346
0.9884247661778346
0.9884247661778346
0.9884247661778346
0.9884247661778346
0.9884247661778346
0.9884247661778346
0.9884247661778346
0.9884247661778346
0.9884247661778346
0.9884247661778346
0.9884247661778346
0.9884247661778346
0.9884247661778346
At i = 1121:
0.9884247661778346
0.9884247661778346
0.9884247661778346
0.9884247661778346
0.9884247661778346
0.9884247661778346
0.9884247661778346
0.9884247661778346
0.9884247661778346
0.9884247661778346
0.9884247661778346
0.9884247661778346
0.9884247661778346
0.9884247661778346
0.9884247661778346
0.9884247661778346
0.9884247661778346
0.9884247661778346
0.9884247661778346
0.9884247661778346
0.9884247661778346
0.9884247661778346
0.9884247661778346
0.9884247661778346
0.9884247661778346
0.9884247661778346
0.9884247661778346
0.9884247661778346
0.9884247661778346
0.9884247661778346
At i = 1141:
0.9884247661778346
0.9884247661778346
0.9884247661778346
0.9884247661778346
0.9884247661778346
0.9884247661778346
0.9884247661778346
0.9884247661778346
0.9884247661778346
0.9884247661778346
0.9884247661778346
0.9884247661778346
0.9884247661778346
0.9884247661778346
0.9884247661778346
0.9884247661778346
0.9884247661778346
0.9884247661778346
0.9884247661778346
0.9884247661778346
0.9884247661778346
0.9884247661778346
0.9884247661778346
0.9884247661778346
0.9884247661778346
0.9884247661778346
0.9884247661778346
0.9884247661778346
0.9884247661778346
0.9884247661778346
At i = 1161:
0.9884247661778346
0.9884247661778346
0.9884247661778346
0.9884247661778346
0.9884247661778346
0.9884247661778346
0.9884247661778346
0.9884247661778346
0.9884247661778346
0.9884247661778346
0.9884247661778346
0.9884247661778346
0.9884247661778346
0.9884247661778346
0.9884247661778346
0.9884247661778346
0.9884247661778346
0.9884247661778346
0.9884247661778346
0.9884247661778346
0.9884247661778346
0.9884247661778346
0.9884247661778346
0.9884247661778346
0.9884247661778346
0.9884247661778346
0.9884247661778346
0.9884247661778346
0.9884247661778346
0.9884247661778346
At i = 1181:
0.9884247661778346
0.9884247661778346
0.9884247661778346
0.9884247661778346
0.9884247661778346
0.9884247661778346
0.9884247661778346
0.9884247661778346
0.9884247661778346
0.9884247661778346
0.9884247661778346
0.9884247661778346
0.9884247661778346
0.9884247661778346
0.9884247661778346
0.9884247661778346
0.9884247661778346
0.9884247661778346
0.9884247661778346
0.9884247661778346
0.9884247661778346
0.9884247661778346
0.9884247661778346
0.9884247661778346
0.9884247661778346
0.9884247661778346
0.9884247661778346
0.9884247661778346
0.9884247661778346
0.9884247661778346
At i = 1201:
0.9884247661778346
0.9884247661778346
0.9884247661778346
0.9884247661778346
0.9884247661778346
0.9884247661778346
0.9884247661778346
0.9884247661778346
0.9884247661778346
0.9884247661778346
0.9884247661778346
0.9884247661778346
0.9884247661778346
0.9884247661778346
0.9884247661778346
0.9884247661778346
0.9884247661778346
0.9884247661778346
0.9884247661778346
0.9884247661778346
0.9884247661778346
0.9884247661778346
0.9884247661778346
0.9884247661778346
0.9884247661778346
0.9884247661778346
0.9884247661778346
0.9884247661778346
0.9884247661778346
0.9884247661778346
At i = 1221:
0.9884247661778346
0.9884247661778346
0.9884247661778346
0.9884247661778346
0.9884247661778346
0.9884247661778346
0.9884247661778346
0.9884247661778346
0.9884247661778346
0.9884247661778346
0.9884247661778346
0.9884247661778346
0.9884247661778346
0.9884247661778346
0.9884247661778346
0.9884247661778346
0.9884247661778346
0.9884247661778346
0.9884247661778346
0.9884247661778346
0.9884247661778346
0.9884247661778346
0.9884247661778346
0.9884247661778346
0.9884247661778346
0.9884247661778346
0.9884247661778346
0.9884247661778346
0.9884247661778346
0.9884247661778346
At i = 1241:
0.9884247661778346
0.9884247661778346
0.9884247661778346
0.9884247661778346
0.9884247661778346
0.9884247661778346
0.9884247661778346
0.9884247661778346
0.9884247661778346
0.9884247661778346
0.9884247661778346
0.9884247661778346
0.9884247661778346
0.9884247661778346
0.9884247661778346
0.9884247661778346
0.9884247661778346
0.9884247661778346
0.9884247661778346
0.9884247661778346
0.9884247661778346
0.9884247661778346
0.9884247661778346
0.9884247661778346
0.9884247661778346
0.9884247661778346
0.9884247661778346
0.9884247661778346
0.9884247661778346
0.9884247661778346
At i = 1261:
0.9884247661778346
0.9884247661778346
0.9884247661778346
0.9884247661778346
0.9884247661778346
0.9884247661778346
0.9884247661778346
0.9884247661778346
0.9884247661778346
0.9884247661778346
0.9884247661778346
0.9884247661778346
0.9884247661778346
0.9884247661778346
0.9884247661778346
0.9884247661778346
0.9884247661778346
0.9884247661778346
0.9884247661778346
0.9884247661778346
0.9884247661778346
0.9884247661778346
0.9884247661778346
0.9884247661778346
0.9884247661778346
0.9884247661778346
0.9884247661778346
0.9884247661778346
0.9884247661778346
0.9884247661778346
At i = 1281:
0.9884247661778346
0.9884247661778346
0.9884247661778346
0.9884247661778346
0.9884247661778346
0.9884247661778346
0.9884247661778346
0.9884247661778346
0.9884247661778346
0.9884247661778346
0.9884247661778346
0.9884247661778346
0.9884247661778346
0.9884247661778346
0.9884247661778346
0.9884247661778346
0.9884247661778346
0.9884247661778346
0.9884247661778346
0.9884247661778346
0.9884247661778346
0.9884247661778346
0.9884247661778346
0.9884247661778346
0.9884247661778346
0.9884247661778346
0.9884247661778346
0.9884247661778346
0.9884247661778346
0.9884247661778346
At i = 1301:
0.9884247661778346
0.9884247661778346
0.9884247661778346
0.9884247661778346
0.9884247661778346
0.9884247661778346
0.9884247661778346
0.9884247661778346
0.9884247661778346
0.9884247661778346
0.9884247661778346
0.9884247661778346
0.9884247661778346
0.9884247661778346
0.9884247661778346
0.9884247661778346
0.9884247661778346
0.9884247661778346
0.9884247661778346
0.9884247661778346
0.9884247661778346
0.9884247661778346
0.9884247661778346
0.9884247661778346
0.9884247661778346
0.9884247661778346
0.9884247661778346
0.9884247661778346
0.9884247661778346
0.9884247661778346
At i = 1321:
0.9884247661778346
0.9884247661778346
0.9884247661778346
0.9884247661778346
0.9884247661778346
0.9884247661778346
0.9884247661778346
0.9884247661778346
0.9884247661778346
0.9884247661778346
0.9884247661778346
0.9884247661778346
0.9884247661778346
0.9884247661778346
0.9884247661778346
0.9884247661778346
0.9884247661778346
0.9884247661778346
0.9884247661778346
0.9884247661778346
0.9884247661778346
0.9884247661778346
0.9884247661778346
0.9884247661778346
0.9884247661778346
0.9884247661778346
0.9884247661778346
0.9884247661778346
0.9884247661778346
0.9884247661778346
At i = 1341:
0.9884247661778346
0.9884247661778346
0.9884247661778346
0.9884247661778346
0.9884247661778346
0.9884247661778346
0.9884247661778346
0.9884247661778346
0.9884247661778346
0.9884247661778346
0.9884247661778346
0.9884247661778346
0.9884247661778346
0.9884247661778346
0.9884247661778346
0.9884247661778346
0.9884247661778346
0.9884247661778346
0.9884247661778346
0.9884247661778346
0.9884247661778346
0.9884247661778346
0.9884247661778346
0.9884247661778346
0.9884247661778346
0.9884247661778346
0.9884247661778346
0.9884247661778346
0.9884247661778346
0.9884247661778346
At i = 1361:
0.9884247661778346
0.9884247661778346
0.9884247661778346
0.9884247661778346
0.9884247661778346
0.9884247661778346
0.9884247661778346
0.9884247661778346
0.9884247661778346
0.9884247661778346
0.9884247661778346
0.9884247661778346
0.9884247661778346
0.9884247661778346
0.9884247661778346
0.9884247661778346
0.9884247661778346
0.9884247661778346
0.9884247661778346
0.9884247661778346
0.9884247661778346
0.9884247661778346
0.9884247661778346
0.9884247661778346
0.9884247661778346
0.9884247661778346
0.9884247661778346
0.9884247661778346
0.9884247661778346
0.9884247661778346
At i = 1381:
0.9884247661778346
0.9884247661778346
0.9884247661778346
0.9884247661778346
0.9884247661778346
0.9884247661778346
0.9884247661778346
0.9884247661778346
0.9884247661778346
0.9884247661778346
0.9884247661778346
0.9884247661778346
0.9884247661778346
0.9884247661778346
0.9884247661778346
0.9884247661778346
0.9884247661778346
0.9884247661778346
0.9884247661778346
0.9884247661778346
0.9884247661778346
0.9884247661778346
0.9884247661778346
0.9884247661778346
0.9884247661778346
0.9884247661778346
0.9884247661778346
0.9884247661778346
0.9884247661778346
0.9884247661778346
At i = 1401:
0.9884247661778346
0.9884247661778346
0.9884247661778346
0.9884247661778346
0.9884247661778346
0.9884247661778346
0.9884247661778346
0.9884247661778346
0.9884247661778346
0.9884247661778346
0.9884247661778346
0.9884247661778346
0.9884247661778346
0.9884247661778346
0.9884247661778346
0.9884247661778346
0.9884247661778346
0.9884247661778346
0.9884247661778346
0.9884247661778346
0.9884247661778346
0.9884247661778346
0.9884247661778346
0.9884247661778346
0.9884247661778346
0.9884247661778346
0.9884247661778346
0.9884247661778346
0.9884247661778346
0.9884247661778346
At i = 1421:
0.9884247661778346
0.9884247661778346
0.9884247661778346
0.9884247661778346
0.9884247661778346
0.9884247661778346
0.9884247661778346
0.9884247661778346
0.9884247661778346
0.9884247661778346
0.9884247661778346
0.9884247661778346
0.9884247661778346
0.9884247661778346
0.9884247661778346
0.9884247661778346
0.9884247661778346
0.9884247661778346
0.9884247661778346
0.9884247661778346
0.9884247661778346
0.9884247661778346
0.9884247661778346
0.9884247661778346
0.9884247661778346
0.9884247661778346
0.9884247661778346
0.9884247661778346
0.9884247661778346
0.9884247661778346
At i = 1441:
0.9884247661778346
0.9884247661778346
0.9884247661778346
0.9884247661778346
0.9884247661778346
0.9884247661778346
0.9884247661778346
0.9884247661778346
0.9884247661778346
0.9884247661778346
0.9884247661778346
0.9884247661778346
0.9884247661778346
0.9884247661778346
0.9884247661778346
0.9884247661778346
0.9884247661778346
0.9884247661778346
0.9884247661778346
0.9884247661778346
0.9884247661778346
0.9884247661778346
0.9884247661778346
0.9884247661778346
0.9884247661778346
0.9884247661778346
0.9884247661778346
0.9884247661778346
0.9884247661778346
0.9884247661778346
At i = 1461:
0.9884247661778346
0.9884247661778346
0.9884247661778346
0.9884247661778346
0.9884247661778346
0.9884247661778346
0.9884247661778346
0.9884247661778346
0.9884247661778346
0.9884247661778346
0.9884247661778346
0.9884247661778346
0.9884247661778346
0.9884247661778346
0.9884247661778346
0.9884247661778346
0.9884247661778346
0.9884247661778346
0.9884247661778346
0.9884247661778346
0.9884247661778346
0.9884247661778346
0.9884247661778346
0.9884247661778346
0.9884247661778346
0.9884247661778346
0.9884247661778346
0.9884247661778346
0.9884247661778346
0.9884247661778346
At i = 1481:
0.9884247661778346
0.9884247661778346
0.9884247661778346
0.9884247661778346
0.9884247661778346
0.9884247661778346
0.9884247661778346
0.9884247661778346
0.9884247661778346
0.9884247661778346
0.9884247661778346
0.9884247661778346
0.9884247661778346
0.9884247661778346
0.9884247661778346
0.9884247661778346
0.9884247661778346
0.9884247661778346
0.9884247661778346
0.9884247661778346
0.9884247661778346
0.9884247661778346
0.9884247661778346
0.9884247661778346
0.9884247661778346
0.9884247661778346
0.9884247661778346
0.9884247661778346
0.9884247661778346
0.9884247661778346
At i = 1501:
0.9884247661778346
0.9884247661778346
0.9884247661778346
0.9884247661778346
0.9884247661778346
0.9884247661778346
0.9884247661778346
0.9884247661778346
0.9884247661778346
0.9884247661778346
0.9884247661778346
0.9884247661778346
0.9884247661778346
0.9884247661778346
0.9884247661778346
0.9884247661778346
0.9884247661778346
0.9884247661778346
0.9884247661778346
0.9884247661778346
0.9884247661778346
0.9884247661778346
0.9884247661778346
0.9884247661778346
0.9884247661778346
0.9884247661778346
0.9884247661778346
0.9884247661778346
0.9884247661778346
0.9884247661778346
At i = 1521:
0.9884247661778346
0.9884247661778346
0.9884247661778346
0.9884247661778346
0.9884247661778346
0.9884247661778346
0.9884247661778346
0.9884247661778346
0.9884247661778346
0.9884247661778346
0.9884247661778346
0.9884247661778346
0.9884247661778346
0.9884247661778346
0.9884247661778346
0.9884247661778346
0.9884247661778346
0.9884247661778346
0.9884247661778346
0.9884247661778346
0.9884247661778346
0.9884247661778346
0.9884247661778346
0.9884247661778346
0.9884247661778346
0.9884247661778346
0.9884247661778346
0.9884247661778346
0.9884247661778346
0.9884247661778346
