At i = 1:
[ 316 1360 1822 1867]
[1801 1360 1127 1867]
[1385 1360 1127 1867]
[1784 1360 1127 1867]
[1762 1360 1134 1867]
[ 282 1816 1822 1867]
[1128 1360 1822 1867]
[1762 1360 1127 1867]
[1762 1360 1127 1867]
[1762 1360 1127 1867]
[1128 1360 1134 1867]
[1339 1360 1134 1867]
[1796 1360 1127 1867]
[1417 1360 1127 1867]
[ 906 1360 1134 1867]
[1184 1360 1127 1867]
[1768 1360 1127 1867]
[1339 1360 1127 1867]
[  14  208 1367 1822]
[ 749 1360 1822 1867]
[1563 1360 1127 1867]
[1366 1360 1127 1867]
[1366 1360 1127 1867]
[1105 1360 1134 1867]
[1105 1360 1134 1867]
[ 100  739 1311 1867]
[ 518 1816  902 1822]
[ 647 1360 1134 1867]
[  75   47  489 1742]
[1898 1360 1127 1867]
At i = 21:
[1918 1360 1127 1867]
[1918 1360 1127 1867]
[1918 1360 1127 1867]
[1918 1360 1127 1867]
[1918 1360 1127 1867]
[1918 1360 1127 1867]
[1918 1360 1127 1867]
[1918 1360 1127 1867]
[1918 1360 1127 1867]
[1918 1360 1127 1867]
[1918 1360 1127 1867]
[ 979 1360 1127 1867]
[ 979 1360 1127 1867]
[ 100 1107 1311 1867]
[ 316 1360 1822 1867]
[ 316 1360 1822 1867]
[1713 1360 1816 1867]
[1713 1360 1816 1867]
[1339 1360 1816 1867]
[  75 1742 1311 1867]
[1796 1360 1816 1867]
[ 297  537 1952  868]
[ 647 1816 1822 1867]
[ 268 1472 1822 1867]
[1918 1360 1127 1816]
[1392 1360 1816 1867]
[1654 1360 1816 1867]
[1654 1360 1816 1867]
[1654 1360 1816 1867]
[1938 1360 1127 1816]
[ 806 1816 1822 1867]
At i = 41:
[ 100    2  722 1742]
[1918 1360 1127 1867]
[1918 1360 1127 1867]
[1918 1360 1127 1867]
[1918 1360 1127 1867]
[1918 1360 1127 1867]
[1918 1360 1127 1867]
[1918 1360 1127 1867]
[1918 1360 1127 1867]
[1918 1360 1127 1867]
[1918 1360 1127 1867]
[1918 1360 1127 1867]
[1918 1360 1127 1867]
[1918 1360 1127 1867]
[1918 1360 1127 1867]
[1101 1360 1816 1867]
[  78   73 1377 1742]
[ 811 1360 1816 1867]
[ 295  248 1816 1742]
[ 291  135 1586 1742]
[  35   83 1773 1742]
[ 979 1360 1127 1867]
[ 979 1360 1127 1867]
[ 979 1360 1127 1867]
[ 979 1360 1127 1867]
[ 979 1360 1127 1867]
[ 979 1360 1127 1867]
[ 979 1360 1127 1867]
[ 979 1360 1127 1867]
[1799 1360 1816 1867]
At i = 61:
[   9  489 1746 1742]
[  15  297 1311 1742]
[  78   27 1020 1742]
[ 100    2  722 1742]
[  35  135  974 1742]
[ 647 1360 1816 1867]
[ 100  497 1867 1742]
[  63  148 1130 1742]
[ 128  248 1311 1742]
[ 100  248  930 1742]
[ 647 1816  902 1867]
[  86  171 1582 1742]
[1918 1360 1127 1867]
[1918 1360 1127 1867]
[1918 1360 1127 1867]
[1918 1360 1127 1867]
[1918 1360 1127 1867]
[1918 1360 1127 1867]
[1918 1360 1127 1867]
[1918 1360 1127 1867]
[1918 1360 1127 1867]
[1918 1360 1127 1867]
[1918 1360 1127 1867]
[1918 1360 1127 1867]
[1918 1360 1127 1867]
[1918 1360 1127 1867]
[1918 1360 1127 1867]
[1918 1360 1127 1867]
[1918 1360 1127 1867]
[1101 1360 1816 1867]
[1101 1360 1816 1867]
At i = 81:
[  35  169 1746 1742]
[  78  157 1816 1742]
[   9  489 1746 1742]
[  15  297 1311 1742]
[ 248   10 1311 1742]
[  78   27 1020 1742]
[ 100 1742 1311 1867]
[  78   33 1748 1742]
[  78  364 1822 1742]
[ 100  228 1867 1742]
[ 100    2  722 1742]
[ 216  248 1816 1742]
[  35  558 1822 1742]
[  76  102  737 1742]
[  35  135  974 1742]
[ 647 1360 1816 1867]
[ 647 1360 1816 1867]
[ 647 1360 1816 1867]
[ 647 1360 1816 1867]
[ 647 1360 1816 1867]
[ 647 1360 1816 1867]
[ 647 1360 1816 1867]
[ 647 1360 1816 1867]
[ 100  497 1867 1742]
[  63  148 1130 1742]
[ 128  248 1311 1742]
[ 100  491 1822 1742]
[ 100  248  930 1742]
[ 906 1360 1816 1867]
[ 906 1360 1816 1867]
At i = 101:
[  78  784 1822 1742]
[  69  512 1311 1742]
[  35  169 1746 1742]
[  78  766 1311 1742]
[  78  157 1816 1742]
[  95  759 1311 1742]
[   9  489 1746 1742]
[  15  297 1311 1742]
[ 248   10 1311 1742]
[ 100   96 1662 1742]
[  78   27 1020 1742]
[ 100 1742 1311 1867]
[  78  135 1751 1742]
[  78  535 1311 1742]
[  78   33 1748 1742]
[ 100  271 1816 1742]
[  78  328 1394 1742]
[  35  401 1311 1742]
[  78  364 1822 1742]
[ 100  228 1867 1742]
[ 100    2  722 1742]
[ 216  248 1816 1742]
[ 216  248 1816 1742]
[  35  558 1822 1742]
[  76  102  737 1742]
[ 100  135 1140 1742]
[  35  135  974 1742]
[ 647 1360 1816 1867]
[ 647 1360 1816 1867]
[ 647 1360 1816 1867]
At i = 121:
[  78  784 1822 1742]
[   9  904 1311 1742]
[  69  512 1311 1742]
[  16  520 1311 1742]
[  35  169 1746 1742]
[  78  766 1311 1742]
[  78  157 1816 1742]
[  95  759 1311 1742]
[  78  233 1816 1742]
[  78  668 1311 1742]
[1339 1360 1816 1742]
[1339 1360 1816 1742]
[1339 1360 1816 1742]
[   9  489 1746 1742]
[  78  799 1822 1742]
[1128 1360 1816 1742]
[ 701 1360 1816 1742]
[1128 1360 1816 1742]
[1128 1360 1816 1742]
[ 701 1360 1816 1742]
[1128 1360 1816 1742]
[ 701 1360 1816 1742]
[1128 1360 1816 1742]
[ 701 1360 1816 1742]
[1128 1360 1816 1742]
[ 701 1360 1816 1742]
[ 701 1360 1816 1742]
[ 701 1360 1816 1742]
[1128 1360 1816 1742]
[ 701 1360 1816 1742]
[  67 1137 1311 1742]
At i = 141:
[  78  784 1822 1742]
[ 100  179 1311 1742]
[   9  904 1311 1742]
[  69  512 1311 1742]
[  16  520 1311 1742]
[  35  169 1746 1742]
[  78  766 1311 1742]
[ 260  248 1311 1742]
[  78  157 1816 1742]
[  95  759 1311 1742]
[  78  233 1816 1742]
[  78  668 1311 1742]
[1339 1360 1816 1742]
[1339 1360 1816 1742]
[1339 1360 1816 1742]
[1339 1360 1816 1742]
[1339 1360 1816 1742]
[1339 1360 1816 1742]
[1339 1360 1816 1742]
[1339 1360 1816 1742]
[1339 1360 1816 1742]
[1339 1360 1816 1742]
[1339 1360 1816 1742]
[1339 1360 1816 1742]
[1339 1360 1816 1742]
[1339 1360 1816 1742]
[   9  489 1746 1742]
[  35   10 1681 1742]
[  78  799 1822 1742]
[ 701 1360 1816 1742]
[ 701 1360 1816 1742]
At i = 161:
[  78   60 1854 1742]
[  78  784 1822 1742]
[ 100  179 1311 1742]
[   9  904 1311 1742]
[  69  512 1311 1742]
[   9  512 1311 1742]
[  16  520 1311 1742]
[  35  169 1746 1742]
[ 248 1816 1311 1742]
[ 248 1816 1311 1742]
[  78  766 1311 1742]
[  78 1449 1311 1742]
[ 260  248 1311 1742]
[ 100  962 1311 1742]
[  78  157 1816 1742]
[  78 1366 1311 1742]
[  95  759 1311 1742]
[  78  233 1816 1742]
[  78  668 1311 1742]
[1339 1360 1816 1742]
[1339 1360 1816 1742]
[1339 1360 1816 1742]
[1339 1360 1816 1742]
[1339 1360 1816 1742]
[1339 1360 1816 1742]
[1339 1360 1816 1742]
[1339 1360 1816 1742]
[1339 1360 1816 1742]
[1339 1360 1816 1742]
[1339 1360 1816 1742]
At i = 181:
[  78   60 1854 1742]
[  78  784 1822 1742]
[ 100  179 1311 1742]
[   9  904 1311 1742]
[ 119 1801 1311 1742]
[  69  512 1311 1742]
[   9  512 1311 1742]
[  16  520 1311 1742]
[  35  169 1746 1742]
[  78  243 1816 1742]
[ 248 1816 1311 1742]
[ 248 1816 1311 1742]
[ 248 1816 1311 1742]
[ 100 1128 1311 1742]
[  78  766 1311 1742]
[  78 1449 1311 1742]
[  78  135 1816 1742]
[ 260  248 1311 1742]
[ 100  962 1311 1742]
[  78  157 1816 1742]
[  78 1366 1311 1742]
[  72  248 1311 1742]
[ 701  248 1360 1742]
[ 701  248 1360 1742]
[  81 1801 1311 1742]
[  95  759 1311 1742]
[  78  233 1816 1742]
[  78  668 1311 1742]
[1339 1360 1816 1742]
[1339 1360 1816 1742]
At i = 201:
[  78   60 1854 1742]
[1527  248 1311 1742]
[1527  248 1311 1742]
[  78  784 1822 1742]
[1198  248 1311 1742]
[ 100  179 1311 1742]
[ 444  248 1311 1742]
[   9  904 1311 1742]
[ 100 1972 1311 1742]
[1105  248 1311 1742]
[1105  248 1311 1742]
[ 495  248 1311 1742]
[ 904  248 1311 1742]
[ 119 1801 1311 1742]
[ 929 1311 1816 1742]
[  69  512 1311 1742]
[   9  512 1311 1742]
[  16  520 1311 1742]
[1746  248 1311 1742]
[1746  248 1311 1742]
[1746  248 1311 1742]
[ 253  248 1311 1742]
[1435  248 1311 1742]
[ 962  248 1311 1742]
[ 962  248 1311 1742]
[ 962  248 1311 1742]
[ 331 1513 1311 1742]
[ 275  248 1311 1742]
[1159  248 1311 1742]
[ 512  248 1311 1742]
At i = 221:
[  78   60 1854 1742]
[1527  248 1311 1742]
[1527  248 1311 1742]
[1527  248 1311 1742]
[1527  248 1311 1742]
[1527  248 1311 1742]
[1527  248 1311 1742]
[1527  248 1311 1742]
[1527  248 1311 1742]
[1741  248 1311 1742]
[1741  248 1311 1742]
[1741  248 1311 1742]
[  78  784 1822 1742]
[1198  248 1311 1742]
[1198  248 1311 1742]
[1198  248 1311 1742]
[1198  248 1311 1742]
[1198  248 1311 1742]
[1198  248 1311 1742]
[ 653  248 1311 1742]
[ 653  248 1311 1742]
[ 653  248 1311 1742]
[ 653  248 1311 1742]
[ 653  248 1311 1742]
[ 653  248 1311 1742]
[ 653  248 1311 1742]
[ 653  248 1311 1742]
[ 100  179 1311 1742]
[1657  248 1311 1742]
[1657  248 1311 1742]
[1657  248 1311 1742]
At i = 241:
[  78   60 1854 1742]
[1527  248 1311 1742]
[1527  248 1311 1742]
[1527  248 1311 1742]
[1527  248 1311 1742]
[1527  248 1311 1742]
[1527  248 1311 1742]
[1527  248 1311 1742]
[1527  248 1311 1742]
[1527  248 1311 1742]
[1527  248 1311 1742]
[1527  248 1311 1742]
[1527  248 1311 1742]
[1527  248 1311 1742]
[1741  248 1311 1742]
[1741  248 1311 1742]
[1741  248 1311 1742]
[1741  248 1311 1742]
[1741  248 1311 1742]
[1741  248 1311 1742]
[1741  248 1311 1742]
[1741  248 1311 1742]
[1741  248 1311 1742]
[1741  248 1311 1742]
[1741  248 1311 1742]
[  78  784 1822 1742]
[1198  248 1311 1742]
[1198  248 1311 1742]
[1198  248 1311 1742]
[1198  248 1311 1742]
At i = 261:
[  78   60 1854 1742]
[1527  248 1311 1742]
[1527  248 1311 1742]
[1527  248 1311 1742]
[1527  248 1311 1742]
[1527  248 1311 1742]
[1527  248 1311 1742]
[1527  248 1311 1742]
[1527  248 1311 1742]
[1527  248 1311 1742]
[1527  248 1311 1742]
[1527  248 1311 1742]
[1527  248 1311 1742]
[1527  248 1311 1742]
[1527  248 1311 1742]
[1527  248 1311 1742]
[1527  248 1311 1742]
[1527  248 1311 1742]
[1527  248 1311 1742]
[1527  248 1311 1742]
[1527  248 1311 1742]
[1527  248 1311 1742]
[1527  248 1311 1742]
[1527  248 1311 1742]
[1527  248 1311 1742]
[1527  248 1311 1742]
[1527  248 1311 1742]
[1527  248 1311 1742]
[1741  248 1311 1742]
[1741  248 1311 1742]
[1741  248 1311 1742]
At i = 281:
[  78   60 1854 1742]
[1527  248 1311 1742]
[1527  248 1311 1742]
[1527  248 1311 1742]
[1527  248 1311 1742]
[1527  248 1311 1742]
[1527  248 1311 1742]
[1527  248 1311 1742]
[1527  248 1311 1742]
[1527  248 1311 1742]
[1527  248 1311 1742]
[1527  248 1311 1742]
[1527  248 1311 1742]
[1527  248 1311 1742]
[1527  248 1311 1742]
[1527  248 1311 1742]
[1527  248 1311 1742]
[1527  248 1311 1742]
[1527  248 1311 1742]
[1527  248 1311 1742]
[1527  248 1311 1742]
[1527  248 1311 1742]
[1527  248 1311 1742]
[1527  248 1311 1742]
[1527  248 1311 1742]
[1527  248 1311 1742]
[1527  248 1311 1742]
[1527  248 1311 1742]
[1527  248 1311 1742]
[1527  248 1311 1742]
[1527  248 1311 1742]
At i = 301:
[  78   60 1854 1742]
[  78  118 1311 1742]
[1527  248 1311 1742]
[1527  248 1311 1742]
[1527  248 1311 1742]
[1527  248 1311 1742]
[1527  248 1311 1742]
[1527  248 1311 1742]
[1527  248 1311 1742]
[1527  248 1311 1742]
[1527  248 1311 1742]
[1527  248 1311 1742]
[1527  248 1311 1742]
[1527  248 1311 1742]
[1527  248 1311 1742]
[1527  248 1311 1742]
[1527  248 1311 1742]
[1527  248 1311 1742]
[1527  248 1311 1742]
[1527  248 1311 1742]
[1527  248 1311 1742]
[1527  248 1311 1742]
[1527  248 1311 1742]
[1527  248 1311 1742]
[1527  248 1311 1742]
[1527  248 1311 1742]
[1527  248 1311 1742]
[1527  248 1311 1742]
[1527  248 1311 1742]
[1527  248 1311 1742]
[1198  248 1311 1742]
At i = 321:
[  78   60 1854 1742]
[  78  118 1311 1742]
[1527  248 1311 1742]
[1527  248 1311 1742]
[1527  248 1311 1742]
[1527  248 1311 1742]
[1527  248 1311 1742]
[1527  248 1311 1742]
[1527  248 1311 1742]
[1527  248 1311 1742]
[1527  248 1311 1742]
[1527  248 1311 1742]
[1527  248 1311 1742]
[1527  248 1311 1742]
[1527  248 1311 1742]
[1527  248 1311 1742]
[1527  248 1311 1742]
[1527  248 1311 1742]
[1527  248 1311 1742]
[1527  248 1311 1742]
[1527  248 1311 1742]
[1527  248 1311 1742]
[1527  248 1311 1742]
[1527  248 1311 1742]
[1527  248 1311 1742]
[1527  248 1311 1742]
[1527  248 1311 1742]
[1527  248 1311 1742]
[1527  248 1311 1742]
[1527  248 1311 1742]
At i = 341:
[  78   60 1854 1742]
[  78  118 1311 1742]
[1527  248 1311 1742]
[1527  248 1311 1742]
[1527  248 1311 1742]
[1527  248 1311 1742]
[1527  248 1311 1742]
[1527  248 1311 1742]
[1527  248 1311 1742]
[1527  248 1311 1742]
[1527  248 1311 1742]
[1527  248 1311 1742]
[1527  248 1311 1742]
[1527  248 1311 1742]
[1527  248 1311 1742]
[1527  248 1311 1742]
[1527  248 1311 1742]
[1527  248 1311 1742]
[1527  248 1311 1742]
[1527  248 1311 1742]
[1527  248 1311 1742]
[1527  248 1311 1742]
[1527  248 1311 1742]
[1527  248 1311 1742]
[1527  248 1311 1742]
[1527  248 1311 1742]
[1527  248 1311 1742]
[1527  248 1311 1742]
[1527  248 1311 1742]
[1527  248 1311 1742]
[1527  248 1311 1742]
At i = 361:
[  78   60 1854 1742]
[  78  118 1311 1742]
[1527  248 1311 1742]
[1527  248 1311 1742]
[1527  248 1311 1742]
[1527  248 1311 1742]
[1527  248 1311 1742]
[1527  248 1311 1742]
[1527  248 1311 1742]
[1527  248 1311 1742]
[1527  248 1311 1742]
[1527  248 1311 1742]
[1527  248 1311 1742]
[1527  248 1311 1742]
[1527  248 1311 1742]
[1527  248 1311 1742]
[1527  248 1311 1742]
[1527  248 1311 1742]
[1527  248 1311 1742]
[1527  248 1311 1742]
[1527  248 1311 1742]
[1527  248 1311 1742]
[1527  248 1311 1742]
[1527  248 1311 1742]
[1527  248 1311 1742]
[1527  248 1311 1742]
[1527  248 1311 1742]
[1527  248 1311 1742]
[1527  248 1311 1742]
[1527  248 1311 1742]
[1741  248 1311 1742]
[1741  248 1311 1742]
At i = 381:
[  78   60 1854 1742]
[  78  118 1311 1742]
[1527  248 1311 1742]
[1527  248 1311 1742]
[1527  248 1311 1742]
[1527  248 1311 1742]
[1527  248 1311 1742]
[1527  248 1311 1742]
[1527  248 1311 1742]
[1527  248 1311 1742]
[1527  248 1311 1742]
[1527  248 1311 1742]
[1527  248 1311 1742]
[1527  248 1311 1742]
[1527  248 1311 1742]
[1527  248 1311 1742]
[1527  248 1311 1742]
[1527  248 1311 1742]
[1527  248 1311 1742]
[1527  248 1311 1742]
[1527  248 1311 1742]
[1527  248 1311 1742]
[1527  248 1311 1742]
[1527  248 1311 1742]
[1527  248 1311 1742]
[1527  248 1311 1742]
[1527  248 1311 1742]
[1527  248 1311 1742]
[1527  248 1311 1742]
[1527  248 1311 1742]
At i = 401:
[  78   60 1854 1742]
[  78  118 1311 1742]
[1527  248 1311 1742]
[1527  248 1311 1742]
[1527  248 1311 1742]
[1527  248 1311 1742]
[1527  248 1311 1742]
[1527  248 1311 1742]
[1527  248 1311 1742]
[1527  248 1311 1742]
[1527  248 1311 1742]
[1527  248 1311 1742]
[1527  248 1311 1742]
[1527  248 1311 1742]
[1527  248 1311 1742]
[1527  248 1311 1742]
[1527  248 1311 1742]
[1527  248 1311 1742]
[1527  248 1311 1742]
[1527  248 1311 1742]
[1527  248 1311 1742]
[1527  248 1311 1742]
[1527  248 1311 1742]
[1527  248 1311 1742]
[1527  248 1311 1742]
[1527  248 1311 1742]
[1527  248 1311 1742]
[1527  248 1311 1742]
[1527  248 1311 1742]
[1527  248 1311 1742]
At i = 421:
[  78   60 1854 1742]
[  78  118 1311 1742]
[1527  248 1311 1742]
[1527  248 1311 1742]
[1527  248 1311 1742]
[1527  248 1311 1742]
[1527  248 1311 1742]
[1527  248 1311 1742]
[1527  248 1311 1742]
[1527  248 1311 1742]
[1527  248 1311 1742]
[1527  248 1311 1742]
[1527  248 1311 1742]
[1527  248 1311 1742]
[1527  248 1311 1742]
[1527  248 1311 1742]
[1527  248 1311 1742]
[1527  248 1311 1742]
[1527  248 1311 1742]
[1527  248 1311 1742]
[1527  248 1311 1742]
[1527  248 1311 1742]
[1527  248 1311 1742]
[1527  248 1311 1742]
[1527  248 1311 1742]
[1527  248 1311 1742]
[1527  248 1311 1742]
[1527  248 1311 1742]
[1527  248 1311 1742]
[1527  248 1311 1742]
At i = 441:
[  78   60 1854 1742]
[  78  118 1311 1742]
[1527  248 1311 1742]
[1527  248 1311 1742]
[1527  248 1311 1742]
[1527  248 1311 1742]
[1527  248 1311 1742]
[1527  248 1311 1742]
[1527  248 1311 1742]
[1527  248 1311 1742]
[1527  248 1311 1742]
[1527  248 1311 1742]
[1527  248 1311 1742]
[1527  248 1311 1742]
[1527  248 1311 1742]
[1527  248 1311 1742]
[1527  248 1311 1742]
[1527  248 1311 1742]
[1527  248 1311 1742]
[1527  248 1311 1742]
[1527  248 1311 1742]
[1527  248 1311 1742]
[1527  248 1311 1742]
[1527  248 1311 1742]
[1527  248 1311 1742]
[1527  248 1311 1742]
[1527  248 1311 1742]
[1527  248 1311 1742]
[1527  248 1311 1742]
[1527  248 1311 1742]
[1527  248 1311 1742]
At i = 461:
[  78   60 1854 1742]
[  78  118 1311 1742]
[1527  248 1311 1742]
[1527  248 1311 1742]
[1527  248 1311 1742]
[1527  248 1311 1742]
[1527  248 1311 1742]
[1527  248 1311 1742]
[1527  248 1311 1742]
[1527  248 1311 1742]
[1527  248 1311 1742]
[1527  248 1311 1742]
[1527  248 1311 1742]
[1527  248 1311 1742]
[1527  248 1311 1742]
[1527  248 1311 1742]
[1527  248 1311 1742]
[1527  248 1311 1742]
[1527  248 1311 1742]
[1527  248 1311 1742]
[1527  248 1311 1742]
[1527  248 1311 1742]
[1527  248 1311 1742]
[1527  248 1311 1742]
[1527  248 1311 1742]
[1527  248 1311 1742]
[1527  248 1311 1742]
[1527  248 1311 1742]
[1527  248 1311 1742]
[1527  248 1311 1742]
[1527  248 1311 1742]
At i = 481:
[  78   60 1854 1742]
[  78  118 1311 1742]
[1527  248 1311 1742]
[1527  248 1311 1742]
[1527  248 1311 1742]
[1527  248 1311 1742]
[1527  248 1311 1742]
[1527  248 1311 1742]
[1527  248 1311 1742]
[1527  248 1311 1742]
[1527  248 1311 1742]
[1527  248 1311 1742]
[1527  248 1311 1742]
[1527  248 1311 1742]
[1527  248 1311 1742]
[1527  248 1311 1742]
[1527  248 1311 1742]
[1527  248 1311 1742]
[1527  248 1311 1742]
[1527  248 1311 1742]
[1527  248 1311 1742]
[1527  248 1311 1742]
[1527  248 1311 1742]
[1527  248 1311 1742]
[1527  248 1311 1742]
[1527  248 1311 1742]
[1527  248 1311 1742]
[1527  248 1311 1742]
[1527  248 1311 1742]
[1527  248 1311 1742]
[1527  248 1311 1742]
At i = 501:
[  78   60 1854 1742]
[  78  118 1311 1742]
[1527  248 1311 1742]
[1527  248 1311 1742]
[1527  248 1311 1742]
[1527  248 1311 1742]
[1527  248 1311 1742]
[1527  248 1311 1742]
[1527  248 1311 1742]
[1527  248 1311 1742]
[1527  248 1311 1742]
[1527  248 1311 1742]
[1527  248 1311 1742]
[1527  248 1311 1742]
[1527  248 1311 1742]
[1527  248 1311 1742]
[1527  248 1311 1742]
[1527  248 1311 1742]
[1527  248 1311 1742]
[1527  248 1311 1742]
[1527  248 1311 1742]
[1527  248 1311 1742]
[1527  248 1311 1742]
[1527  248 1311 1742]
[1527  248 1311 1742]
[1527  248 1311 1742]
[1527  248 1311 1742]
[1527  248 1311 1742]
[1527  248 1311 1742]
[1527  248 1311 1742]
[1527  248 1311 1742]
At i = 521:
[  78   60 1854 1742]
[  78  118 1311 1742]
[1527  248 1311 1742]
[1527  248 1311 1742]
[1527  248 1311 1742]
[1527  248 1311 1742]
[1527  248 1311 1742]
[1527  248 1311 1742]
[1527  248 1311 1742]
[1527  248 1311 1742]
[1527  248 1311 1742]
[1527  248 1311 1742]
[1527  248 1311 1742]
[1527  248 1311 1742]
[1527  248 1311 1742]
[1527  248 1311 1742]
[1527  248 1311 1742]
[1527  248 1311 1742]
[1527  248 1311 1742]
[1527  248 1311 1742]
[1527  248 1311 1742]
[1527  248 1311 1742]
[1527  248 1311 1742]
[1527  248 1311 1742]
[1527  248 1311 1742]
[1527  248 1311 1742]
[1527  248 1311 1742]
[1527  248 1311 1742]
[1527  248 1311 1742]
[1527  248 1311 1742]
[1527  248 1311 1742]
At i = 541:
[  78   60 1854 1742]
[  78  118 1311 1742]
[1527  248 1311 1742]
[1527  248 1311 1742]
[1527  248 1311 1742]
[1527  248 1311 1742]
[1527  248 1311 1742]
[1527  248 1311 1742]
[1527  248 1311 1742]
[1527  248 1311 1742]
[1527  248 1311 1742]
[1527  248 1311 1742]
[1527  248 1311 1742]
[1527  248 1311 1742]
[1527  248 1311 1742]
[1527  248 1311 1742]
[1527  248 1311 1742]
[1527  248 1311 1742]
[1527  248 1311 1742]
[1527  248 1311 1742]
[1527  248 1311 1742]
[1527  248 1311 1742]
[1527  248 1311 1742]
[1527  248 1311 1742]
[1527  248 1311 1742]
[1527  248 1311 1742]
[1527  248 1311 1742]
[1527  248 1311 1742]
[1527  248 1311 1742]
[1527  248 1311 1742]
[1527  248 1311 1742]
At i = 561:
[  78   60 1854 1742]
[  78  118 1311 1742]
[1527  248 1311 1742]
[1527  248 1311 1742]
[1527  248 1311 1742]
[1527  248 1311 1742]
[1527  248 1311 1742]
[1527  248 1311 1742]
[1527  248 1311 1742]
[1527  248 1311 1742]
[1527  248 1311 1742]
[1527  248 1311 1742]
[1527  248 1311 1742]
[1527  248 1311 1742]
[1527  248 1311 1742]
[1527  248 1311 1742]
[1527  248 1311 1742]
[1527  248 1311 1742]
[1527  248 1311 1742]
[1527  248 1311 1742]
[1527  248 1311 1742]
[1527  248 1311 1742]
[1527  248 1311 1742]
[1527  248 1311 1742]
[1527  248 1311 1742]
[1527  248 1311 1742]
[1527  248 1311 1742]
[1527  248 1311 1742]
[1527  248 1311 1742]
[1527  248 1311 1742]
[1741  248 1311 1742]
At i = 581:
[  78   60 1854 1742]
[  78  118 1311 1742]
[1527  248 1311 1742]
[1527  248 1311 1742]
[1527  248 1311 1742]
[1527  248 1311 1742]
[1527  248 1311 1742]
[1527  248 1311 1742]
[1527  248 1311 1742]
[1527  248 1311 1742]
[1527  248 1311 1742]
[1527  248 1311 1742]
[1527  248 1311 1742]
[1527  248 1311 1742]
[1527  248 1311 1742]
[1527  248 1311 1742]
[1527  248 1311 1742]
[1527  248 1311 1742]
[1527  248 1311 1742]
[1527  248 1311 1742]
[1527  248 1311 1742]
[1527  248 1311 1742]
[1527  248 1311 1742]
[1527  248 1311 1742]
[1527  248 1311 1742]
[1527  248 1311 1742]
[1527  248 1311 1742]
[1527  248 1311 1742]
[1527  248 1311 1742]
[1527  248 1311 1742]
[1527  248 1311 1742]
At i = 601:
[  78   60 1854 1742]
[  78  118 1311 1742]
[1527  248 1311 1742]
[1527  248 1311 1742]
[1527  248 1311 1742]
[1527  248 1311 1742]
[1527  248 1311 1742]
[1527  248 1311 1742]
[1527  248 1311 1742]
[1527  248 1311 1742]
[1527  248 1311 1742]
[1527  248 1311 1742]
[1527  248 1311 1742]
[1527  248 1311 1742]
[1527  248 1311 1742]
[1527  248 1311 1742]
[1527  248 1311 1742]
[1527  248 1311 1742]
[1527  248 1311 1742]
[1527  248 1311 1742]
[1527  248 1311 1742]
[1527  248 1311 1742]
[1527  248 1311 1742]
[1527  248 1311 1742]
[1527  248 1311 1742]
[1527  248 1311 1742]
[1527  248 1311 1742]
[1527  248 1311 1742]
[1527  248 1311 1742]
[1527  248 1311 1742]
[1198  248 1311 1742]
At i = 621:
[  78   60 1854 1742]
[  78  118 1311 1742]
[1527  248 1311 1742]
[1527  248 1311 1742]
[1527  248 1311 1742]
[1527  248 1311 1742]
[ 248 1527 1311 1742]
[1527  248 1311 1742]
[1527  248 1311 1742]
[1527  248 1311 1742]
[1527  248 1311 1742]
[1527  248 1311 1742]
[1527  248 1311 1742]
[1527  248 1311 1742]
[1527  248 1311 1742]
[1527  248 1311 1742]
[1527  248 1311 1742]
[1527  248 1311 1742]
[1527  248 1311 1742]
[1527  248 1311 1742]
[1527  248 1311 1742]
[1527  248 1311 1742]
[1527  248 1311 1742]
[1527  248 1311 1742]
[1527  248 1311 1742]
[1527  248 1311 1742]
[1527  248 1311 1742]
[1527  248 1311 1742]
[1527  248 1311 1742]
[1527  248 1311 1742]
[1527  248 1311 1742]
At i = 641:
[  78   60 1854 1742]
[  78  118 1311 1742]
[1527  248 1311 1742]
[1527  248 1311 1742]
[ 248 1527 1311 1742]
[ 248 1527 1311 1742]
[1527  248 1311 1742]
[1527  248 1311 1742]
[1527  248 1311 1742]
[1527  248 1311 1742]
[1527  248 1311 1742]
[1527  248 1311 1742]
[1527  248 1311 1742]
[1527  248 1311 1742]
[1527  248 1311 1742]
[1527  248 1311 1742]
[1527  248 1311 1742]
[1527  248 1311 1742]
[1527  248 1311 1742]
[ 248 1527 1311 1742]
[1527  248 1311 1742]
[1527  248 1311 1742]
[1527  248 1311 1742]
[1527  248 1311 1742]
[ 248 1527 1311 1742]
[1527  248 1311 1742]
[1527  248 1311 1742]
[1527  248 1311 1742]
[1527  248 1311 1742]
[1527  248 1311 1742]
At i = 661:
[  78   60 1854 1742]
[  78  118 1311 1742]
[1527  248 1311 1742]
[ 248 1527 1311 1742]
[1527  248 1311 1742]
[1527  248 1311 1742]
[1527  248 1311 1742]
[1527  248 1311 1742]
[1527  248 1311 1742]
[1527  248 1311 1742]
[1527  248 1311 1742]
[1527  248 1311 1742]
[ 248 1527 1311 1742]
[1527  248 1311 1742]
[1527  248 1311 1742]
[1527  248 1311 1742]
[1527  248 1311 1742]
[1527  248 1311 1742]
[1527  248 1311 1742]
[1527  248 1311 1742]
[1527  248 1311 1742]
[ 248 1527 1311 1742]
[1527  248 1311 1742]
[1527  248 1311 1742]
[1527  248 1311 1742]
[1527  248 1311 1742]
[1527  248 1311 1742]
[ 248 1527 1311 1742]
[1527  248 1311 1742]
[ 248 1527 1311 1742]
At i = 681:
[  78   60 1854 1742]
[  78  118 1311 1742]
[ 696 1527 1311 1742]
[ 696 1527 1311 1742]
[1527  248 1311 1742]
[1527  248 1311 1742]
[1527  248 1311 1742]
[1527  248 1311 1742]
[1527  248 1311 1742]
[1527  248 1311 1742]
[1527  248 1311 1742]
[1527  248 1311 1742]
[ 248 1527 1311 1742]
[1527  248 1311 1742]
[1527  248 1311 1742]
[1527  248 1311 1742]
[1527  248 1311 1742]
[ 248 1527 1311 1742]
[ 248 1527 1311 1742]
[1527  248 1311 1742]
[1527  248 1311 1742]
[1527  248 1311 1742]
[1527  248 1311 1742]
[1527  248 1311 1742]
[ 248 1527 1311 1742]
[1527  248 1311 1742]
[1527  248 1311 1742]
[1527  248 1311 1742]
[1527  248 1311 1742]
[1527  248 1311 1742]
At i = 701:
[  78   60 1854 1742]
[ 118   78 1311 1742]
[  78  118 1311 1742]
[ 696 1527 1311 1742]
[ 696 1527 1311 1742]
[ 696 1527 1311 1742]
[1527  248 1311 1742]
[1527  248 1311 1742]
[1527  248 1311 1742]
[1527  248 1311 1742]
[1527  248 1311 1742]
[ 248 1527 1311 1742]
[1527  248 1311 1742]
[ 248 1527 1311 1742]
[1527  248 1311 1742]
[1527  248 1311 1742]
[1527  248 1311 1742]
[ 248 1527 1311 1742]
[1527  248 1311 1742]
[1527  248 1311 1742]
[1527  248 1311 1742]
[ 248 1527 1311 1742]
[1527  248 1311 1742]
[1527  248 1311 1742]
[1527  248 1311 1742]
[1527  248 1311 1742]
[ 248 1527 1311 1742]
[1527  248 1311 1742]
[1527  248 1311 1742]
[1527  248 1311 1742]
[ 551 1527 1311 1742]
At i = 721:
[  78   60 1854 1742]
[  78  118 1311 1742]
[ 118   78 1311 1742]
[  78  118 1311 1742]
[ 696 1527 1311 1742]
[ 696 1527 1311 1742]
[ 696 1527 1311 1742]
[ 696 1527 1311 1742]
[ 696 1527 1311 1742]
[1527  248 1311 1742]
[1527  248 1311 1742]
[ 248 1527 1311 1742]
[1527  248 1311 1742]
[1527  248 1311 1742]
[1527  248 1311 1742]
[1527  248 1311 1742]
[1527  248 1311 1742]
[1527  248 1311 1742]
[1527  248 1311 1742]
[ 248 1527 1311 1742]
[1527  248 1311 1742]
[1527  248 1311 1742]
[1527  248 1311 1742]
[1527  248 1311 1742]
[ 248 1527 1311 1742]
[1527  248 1311 1742]
[1527  248 1311 1742]
[1527  248 1311 1742]
[ 248 1527 1311 1742]
[ 248 1527 1311 1742]
At i = 741:
[ 112   78 1854 1742]
[  78   60 1854 1742]
[  28   78 1854 1742]
[  78  118 1311 1742]
[  78  118 1311 1742]
[ 118   78 1311 1742]
[  78  118 1311 1742]
[ 696 1527 1311 1742]
[ 696 1527 1311 1742]
[ 696 1527 1311 1742]
[ 696 1527 1311 1742]
[ 696 1527 1311 1742]
[ 696 1527 1311 1742]
[ 696 1527 1311 1742]
[ 696 1527 1311 1742]
[ 696 1527 1311 1742]
[ 696 1527 1311 1742]
[ 696 1527 1311 1742]
[ 696 1527 1311 1742]
[1527  248 1311 1742]
[1527  248 1311 1742]
[1527  248 1311 1742]
[ 248 1527 1311 1742]
[1527  248 1311 1742]
[1527  248 1311 1742]
[1527  248 1311 1742]
[1527  248 1311 1742]
[1527  248 1311 1742]
[1527  248 1311 1742]
[ 248 1527 1311 1742]
[1527  248 1311 1742]
At i = 761:
[ 112   78 1854 1742]
[  78   60 1854 1742]
[  68   78 1854 1742]
[  28   78 1854 1742]
[  78  118 1311 1742]
[  78  118 1311 1742]
[  78  118 1311 1742]
[  78  118 1311 1742]
[ 118   78 1311 1742]
[  78  118 1311 1742]
[ 696 1527 1311 1742]
[ 696 1527 1311 1742]
[ 696 1527 1311 1742]
[ 696 1527 1311 1742]
[ 696 1527 1311 1742]
[ 696 1527 1311 1742]
[ 696 1527 1311 1742]
[ 696 1527 1311 1742]
[ 696 1527 1311 1742]
[ 696 1527 1311 1742]
[ 696 1527 1311 1742]
[ 696 1527 1311 1742]
[ 696 1527 1311 1742]
[ 696 1527 1311 1742]
[ 696 1527 1311 1742]
[ 696 1527 1311 1742]
[ 696 1527 1311 1742]
[ 696 1527 1311 1742]
[1527  248 1311 1742]
[1527  248 1311 1742]
At i = 781:
[ 118   78 1854 1742]
[ 112   78 1854 1742]
[ 112   78 1854 1742]
[  78   60 1854 1742]
[  68   78 1854 1742]
[  28   78 1854 1742]
[ 167   78 1854 1742]
[  78  118 1311 1742]
[  78  118 1311 1742]
[  78  118 1311 1742]
[  78  118 1311 1742]
[  78  118 1311 1742]
[ 118   78 1311 1742]
[  78  118 1311 1742]
[ 696 1527 1311 1742]
[ 696 1527 1311 1742]
[ 696 1527 1311 1742]
[ 696 1527 1311 1742]
[ 696 1527 1311 1742]
[ 696 1527 1311 1742]
[ 696 1527 1311 1742]
[ 696 1527 1311 1742]
[ 696 1527 1311 1742]
[ 696 1527 1311 1742]
[ 696 1527 1311 1742]
[ 696 1527 1311 1742]
[ 696 1527 1311 1742]
[ 696 1527 1311 1742]
[ 696 1527 1311 1742]
[ 696 1527 1311 1742]
At i = 801:
[ 118   78 1854 1742]
[ 118   78 1854 1742]
[ 784   78 1854 1742]
[ 784   78 1854 1742]
[ 784   78 1854 1742]
[ 711   78 1854 1742]
[1260   78 1854 1742]
[1668   78 1854 1742]
[ 489   78 1854 1742]
[ 206   78 1854 1742]
[ 520   78 1854 1742]
[1199   78 1854 1742]
[ 520   78 1854 1742]
[  95   78 1854 1742]
[1199   78 1854 1742]
[ 904   78 1854 1742]
[ 904   78 1854 1742]
[ 904   78 1854 1742]
[ 205   78 1854 1742]
[ 979   78 1854 1742]
[ 205   78 1854 1742]
[1400   78 1854 1742]
[1400   78 1854 1742]
[1343   78 1854 1742]
[1559   78 1854 1742]
[1888   78 1854 1742]
[ 112   78 1854 1742]
[ 112   78 1854 1742]
[ 112   78 1854 1742]
[ 112   78 1854 1742]
[ 100   78 1854 1742]
At i = 821:
[ 118   78 1854 1742]
[ 118   78 1854 1742]
[ 118   78 1854 1742]
[  78  118 1854 1742]
[  78  118 1854 1742]
[ 118   78 1854 1742]
[  78  118 1854 1742]
[ 118   78 1854 1742]
[ 118   78 1854 1742]
[ 118   78 1854 1742]
[ 118   78 1854 1742]
[ 118   78 1854 1742]
[ 118   78 1854 1742]
[ 118   78 1854 1742]
[  78  118 1854 1742]
[ 118   78 1854 1742]
[ 118   78 1854 1742]
[1666   78 1854 1742]
[1666   78 1854 1742]
[1666   78 1854 1742]
[ 784   78 1854 1742]
[ 784   78 1854 1742]
[ 784   78 1854 1742]
[ 784   78 1854 1742]
[ 784   78 1854 1742]
[ 784   78 1854 1742]
[ 784   78 1854 1742]
[ 784   78 1854 1742]
[ 784   78 1854 1742]
[ 784   78 1854 1742]
At i = 841:
[  78  118 1854 1742]
[ 118   78 1854 1742]
[  78  118 1854 1742]
[  78  118 1854 1742]
[  78  118 1854 1742]
[  78  118 1854 1742]
[ 118   78 1854 1742]
[ 118   78 1854 1742]
[ 118   78 1854 1742]
[  78  118 1854 1742]
[  78  118 1854 1742]
[ 118   78 1854 1742]
[  78  118 1854 1742]
[ 118   78 1854 1742]
[ 118   78 1854 1742]
[ 118   78 1854 1742]
[ 118   78 1854 1742]
[ 118   78 1854 1742]
[ 118   78 1854 1742]
[ 118   78 1854 1742]
[  78  118 1854 1742]
[ 118   78 1854 1742]
[ 118   78 1854 1742]
[1666   78 1854 1742]
[1666   78 1854 1742]
[1666   78 1854 1742]
[1666   78 1854 1742]
[1666   78 1854 1742]
[1666   78 1854 1742]
[1666   78 1854 1742]
[1666   78 1854 1742]
At i = 861:
[ 118   78 1854 1742]
[ 118   78 1854 1742]
[ 118   78 1854 1742]
[ 118   78 1854 1742]
[ 118   78 1854 1742]
[ 118   78 1854 1742]
[ 118   78 1854 1742]
[ 118   78 1854 1742]
[ 118   78 1854 1742]
[ 118   78 1854 1742]
[  78  118 1854 1742]
[ 118   78 1854 1742]
[ 118   78 1854 1742]
[ 118   78 1854 1742]
[  78  118 1854 1742]
[ 118   78 1854 1742]
[  78  118 1854 1742]
[  78  118 1854 1742]
[  78  118 1854 1742]
[  78  118 1854 1742]
[ 118   78 1854 1742]
[ 118   78 1854 1742]
[ 118   78 1854 1742]
[  78  118 1854 1742]
[  78  118 1854 1742]
[ 118   78 1854 1742]
[  78  118 1854 1742]
[ 118   78 1854 1742]
[ 118   78 1854 1742]
[ 118   78 1854 1742]
[ 118   78 1854 1742]
At i = 881:
[  78  118 1854 1742]
[ 118   78 1854 1742]
[ 118   78 1854 1742]
[ 118   78 1854 1742]
[  78  118 1854 1742]
[ 118   78 1854 1742]
[  78  118 1854 1742]
[  78  118 1854 1742]
[ 118   78 1854 1742]
[ 118   78 1854 1742]
[ 118   78 1854 1742]
[ 118   78 1854 1742]
[ 118   78 1854 1742]
[ 118   78 1854 1742]
[  78  118 1854 1742]
[ 118   78 1854 1742]
[ 118   78 1854 1742]
[ 118   78 1854 1742]
[ 118   78 1854 1742]
[ 118   78 1854 1742]
[ 118   78 1854 1742]
[ 118   78 1854 1742]
[ 118   78 1854 1742]
[ 118   78 1854 1742]
[ 118   78 1854 1742]
[ 118   78 1854 1742]
[ 118   78 1854 1742]
[ 118   78 1854 1742]
[  78  118 1854 1742]
[ 118   78 1854 1742]
At i = 901:
[ 118   78 1854 1742]
[ 118   78 1854 1742]
[ 118   78 1854 1742]
[  78  118 1854 1742]
[ 118   78 1854 1742]
[  78  118 1854 1742]
[ 118   78 1854 1742]
[ 118   78 1854 1742]
[ 118   78 1854 1742]
[ 118   78 1854 1742]
[  78  118 1854 1742]
[ 118   78 1854 1742]
[ 118   78 1854 1742]
[  78  118 1854 1742]
[ 118   78 1854 1742]
[ 118   78 1854 1742]
[  78  118 1854 1742]
[  78  118 1854 1742]
[ 118   78 1854 1742]
[ 118   78 1854 1742]
[ 118   78 1854 1742]
[  78  118 1854 1742]
[ 118   78 1854 1742]
[ 118   78 1854 1742]
[ 118   78 1854 1742]
[ 118   78 1854 1742]
[ 118   78 1854 1742]
[  78  118 1854 1742]
[ 118   78 1854 1742]
[  78  118 1854 1742]
At i = 921:
[ 118   78 1854 1742]
[  78  118 1854 1742]
[ 118   78 1854 1742]
[ 118   78 1854 1742]
[ 118   78 1854 1742]
[ 118   78 1854 1742]
[  78  118 1854 1742]
[ 118   78 1854 1742]
[  78  118 1854 1742]
[ 118   78 1854 1742]
[ 118   78 1854 1742]
[  78  118 1854 1742]
[ 118   78 1854 1742]
[ 118   78 1854 1742]
[ 118   78 1854 1742]
[  78  118 1854 1742]
[ 118   78 1854 1742]
[ 118   78 1854 1742]
[ 118   78 1854 1742]
[ 118   78 1854 1742]
[ 118   78 1854 1742]
[ 118   78 1854 1742]
[ 118   78 1854 1742]
[  78  118 1854 1742]
[ 118   78 1854 1742]
[ 118   78 1854 1742]
[ 118   78 1854 1742]
[ 118   78 1854 1742]
[  78  118 1854 1742]
[ 118   78 1854 1742]
At i = 941:
[ 118   78 1854 1742]
[ 118   78 1854 1742]
[ 118   78 1854 1742]
[  78  118 1854 1742]
[  78  118 1854 1742]
[  78  118 1854 1742]
[ 118   78 1854 1742]
[ 118   78 1854 1742]
[ 118   78 1854 1742]
[  78  118 1854 1742]
[ 118   78 1854 1742]
[ 118   78 1854 1742]
[  78  118 1854 1742]
[ 118   78 1854 1742]
[  78  118 1854 1742]
[  78  118 1854 1742]
[ 118   78 1854 1742]
[ 118   78 1854 1742]
[ 118   78 1854 1742]
[  78  118 1854 1742]
[ 118   78 1854 1742]
[ 118   78 1854 1742]
[ 118   78 1854 1742]
[  78  118 1854 1742]
[ 118   78 1854 1742]
[ 118   78 1854 1742]
[ 118   78 1854 1742]
[ 118   78 1854 1742]
[  78  118 1854 1742]
[ 118   78 1854 1742]
[ 784   78 1854 1742]
[ 784   78 1854 1742]
[ 784   78 1854 1742]
[ 784   78 1854 1742]
[ 784   78 1854 1742]
At i = 961:
[ 118   78 1854 1742]
[  78  118 1854 1742]
[  78  118 1854 1742]
[ 118   78 1854 1742]
[ 118   78 1854 1742]
[ 118   78 1854 1742]
[  78  118 1854 1742]
[ 118   78 1854 1742]
[  78  118 1854 1742]
[ 118   78 1854 1742]
[  78  118 1854 1742]
[ 118   78 1854 1742]
[ 118   78 1854 1742]
[  78  118 1854 1742]
[ 118   78 1854 1742]
[ 118   78 1854 1742]
[ 118   78 1854 1742]
[ 118   78 1854 1742]
[  78  118 1854 1742]
[ 118   78 1854 1742]
[ 118   78 1854 1742]
[ 118   78 1854 1742]
[ 118   78 1854 1742]
[  78  118 1854 1742]
[ 118   78 1854 1742]
[  78  118 1854 1742]
[ 118   78 1854 1742]
[ 118   78 1854 1742]
[ 118   78 1854 1742]
[ 118   78 1854 1742]
At i = 981:
[ 118   78 1854 1742]
[  78  118 1854 1742]
[ 118   78 1854 1742]
[ 118   78 1854 1742]
[ 118   78 1854 1742]
[ 118   78 1854 1742]
[  78  118 1854 1742]
[ 118   78 1854 1742]
[ 118   78 1854 1742]
[  78  118 1854 1742]
[ 118   78 1854 1742]
[ 118   78 1854 1742]
[ 118   78 1854 1742]
[ 118   78 1854 1742]
[ 118   78 1854 1742]
[ 118   78 1854 1742]
[ 118   78 1854 1742]
[ 118   78 1854 1742]
[ 118   78 1854 1742]
[ 118   78 1854 1742]
[ 118   78 1854 1742]
[ 118   78 1854 1742]
[ 118   78 1854 1742]
[ 118   78 1854 1742]
[ 118   78 1854 1742]
[ 118   78 1854 1742]
[ 118   78 1854 1742]
[ 118   78 1854 1742]
[  78  118 1854 1742]
[ 118   78 1854 1742]
At i = 1001:
[ 118   78 1854 1742]
[ 118   78 1854 1742]
[ 118   78 1854 1742]
[  78  118 1854 1742]
[ 118   78 1854 1742]
[ 118   78 1854 1742]
[ 118   78 1854 1742]
[  78  118 1854 1742]
[ 118   78 1854 1742]
[ 118   78 1854 1742]
[ 118   78 1854 1742]
[  78  118 1854 1742]
[ 118   78 1854 1742]
[  78  118 1854 1742]
[ 118   78 1854 1742]
[  78  118 1854 1742]
[ 118   78 1854 1742]
[  78  118 1854 1742]
[ 118   78 1854 1742]
[ 118   78 1854 1742]
[ 118   78 1854 1742]
[ 118   78 1854 1742]
[ 118   78 1854 1742]
[ 118   78 1854 1742]
[ 118   78 1854 1742]
[ 118   78 1854 1742]
[ 118   78 1854 1742]
[ 118   78 1854 1742]
[ 118   78 1854 1742]
[  78  118 1854 1742]
[ 118   78 1854 1742]
At i = 1021:
[ 118   78 1854 1742]
[ 118   78 1854 1742]
[ 118   78 1854 1742]
[ 118   78 1854 1742]
[  78  118 1854 1742]
[ 118   78 1854 1742]
[ 118   78 1854 1742]
[ 118   78 1854 1742]
[ 118   78 1854 1742]
[  78  118 1854 1742]
[ 118   78 1854 1742]
[ 118   78 1854 1742]
[ 118   78 1854 1742]
[  78  118 1854 1742]
[  78  118 1854 1742]
[ 118   78 1854 1742]
[ 118   78 1854 1742]
[ 118   78 1854 1742]
[ 118   78 1854 1742]
[  78  118 1854 1742]
[ 118   78 1854 1742]
[ 118   78 1854 1742]
[ 118   78 1854 1742]
[ 118   78 1854 1742]
[  78  118 1854 1742]
[ 118   78 1854 1742]
[ 118   78 1854 1742]
[  78  118 1854 1742]
[ 118   78 1854 1742]
[  78  118 1854 1742]
At i = 1041:
[ 118   78 1854 1742]
[ 118   78 1854 1742]
[ 118   78 1854 1742]
[ 118   78 1854 1742]
[ 118   78 1854 1742]
[ 118   78 1854 1742]
[ 118   78 1854 1742]
[  78  118 1854 1742]
[  78  118 1854 1742]
[ 118   78 1854 1742]
[ 118   78 1854 1742]
[ 118   78 1854 1742]
[ 118   78 1854 1742]
[  78  118 1854 1742]
[ 118   78 1854 1742]
[  78  118 1854 1742]
[  78  118 1854 1742]
[  78  118 1854 1742]
[ 118   78 1854 1742]
[  78  118 1854 1742]
[ 118   78 1854 1742]
[ 118   78 1854 1742]
[  78  118 1854 1742]
[ 118   78 1854 1742]
[ 118   78 1854 1742]
[ 118   78 1854 1742]
[ 118   78 1854 1742]
[  78  118 1854 1742]
[  78  118 1854 1742]
[  78  118 1854 1742]
At i = 1061:
[ 118   78 1854 1742]
[  78  118 1854 1742]
[ 118   78 1854 1742]
[ 118   78 1854 1742]
[ 118   78 1854 1742]
[ 118   78 1854 1742]
[ 118   78 1854 1742]
[ 118   78 1854 1742]
[ 118   78 1854 1742]
[  78  118 1854 1742]
[ 118   78 1854 1742]
[ 118   78 1854 1742]
[  78  118 1854 1742]
[ 118   78 1854 1742]
[  78  118 1854 1742]
[  78  118 1854 1742]
[ 118   78 1854 1742]
[  78  118 1854 1742]
[  78  118 1854 1742]
[ 118   78 1854 1742]
[ 118   78 1854 1742]
[  78  118 1854 1742]
[ 118   78 1854 1742]
[  78  118 1854 1742]
[ 118   78 1854 1742]
[  78  118 1854 1742]
[ 118   78 1854 1742]
[ 118   78 1854 1742]
[ 118   78 1854 1742]
[ 118   78 1854 1742]
At i = 1081:
[ 118   78 1854 1742]
[  78  118 1854 1742]
[ 118   78 1854 1742]
[ 118   78 1854 1742]
[ 118   78 1854 1742]
[  78  118 1854 1742]
[ 118   78 1854 1742]
[  78  118 1854 1742]
[ 118   78 1854 1742]
[  78  118 1854 1742]
[ 118   78 1854 1742]
[ 118   78 1854 1742]
[ 118   78 1854 1742]
[ 118   78 1854 1742]
[  78  118 1854 1742]
[  78  118 1854 1742]
[ 118   78 1854 1742]
[  78  118 1854 1742]
[  78  118 1854 1742]
[ 118   78 1854 1742]
[  78  118 1854 1742]
[ 118   78 1854 1742]
[ 118   78 1854 1742]
[ 118   78 1854 1742]
[ 118   78 1854 1742]
[  78  118 1854 1742]
[  78  118 1854 1742]
[  78  118 1854 1742]
[ 118   78 1854 1742]
[ 118   78 1854 1742]
At i = 1101:
[  78  118 1854 1742]
[  78  118 1854 1742]
[  78  118 1854 1742]
[  78  118 1854 1742]
[  78  118 1854 1742]
[ 118   78 1854 1742]
[  78  118 1854 1742]
[ 118   78 1854 1742]
[ 118   78 1854 1742]
[ 118   78 1854 1742]
[ 118   78 1854 1742]
[ 118   78 1854 1742]
[ 118   78 1854 1742]
[ 118   78 1854 1742]
[ 118   78 1854 1742]
[ 118   78 1854 1742]
[ 118   78 1854 1742]
[ 118   78 1854 1742]
[  78  118 1854 1742]
[  78  118 1854 1742]
[  78  118 1854 1742]
[  78  118 1854 1742]
[  78  118 1854 1742]
[ 118   78 1854 1742]
[ 118   78 1854 1742]
[ 118   78 1854 1742]
[ 118   78 1854 1742]
[ 118   78 1854 1742]
[ 118   78 1854 1742]
[ 118   78 1854 1742]
At i = 1121:
[ 118   78 1854 1742]
[  78  118 1854 1742]
[ 118   78 1854 1742]
[ 118   78 1854 1742]
[  78  118 1854 1742]
[  78  118 1854 1742]
[ 118   78 1854 1742]
[  78  118 1854 1742]
[ 118   78 1854 1742]
[ 118   78 1854 1742]
[  78  118 1854 1742]
[ 118   78 1854 1742]
[ 118   78 1854 1742]
[ 118   78 1854 1742]
[  78  118 1854 1742]
[  78  118 1854 1742]
[ 118   78 1854 1742]
[ 118   78 1854 1742]
[ 118   78 1854 1742]
[ 118   78 1854 1742]
[ 118   78 1854 1742]
[ 118   78 1854 1742]
[ 118   78 1854 1742]
[ 118   78 1854 1742]
[ 118   78 1854 1742]
[  78  118 1854 1742]
[ 118   78 1854 1742]
[ 118   78 1854 1742]
[ 118   78 1854 1742]
[ 118   78 1854 1742]
At i = 1141:
[ 118   78 1854 1742]
[ 118   78 1854 1742]
[ 118   78 1854 1742]
[  78  118 1854 1742]
[ 118   78 1854 1742]
[  78  118 1854 1742]
[ 118   78 1854 1742]
[  78  118 1854 1742]
[ 118   78 1854 1742]
[ 118   78 1854 1742]
[ 118   78 1854 1742]
[ 118   78 1854 1742]
[ 118   78 1854 1742]
[  78  118 1854 1742]
[ 118   78 1854 1742]
[ 118   78 1854 1742]
[  78  118 1854 1742]
[  78  118 1854 1742]
[ 118   78 1854 1742]
[  78  118 1854 1742]
[ 118   78 1854 1742]
[ 118   78 1854 1742]
[ 118   78 1854 1742]
[ 118   78 1854 1742]
[ 118   78 1854 1742]
[  78  118 1854 1742]
[ 118   78 1854 1742]
[ 118   78 1854 1742]
[ 118   78 1854 1742]
[ 118   78 1854 1742]
At i = 1161:
[ 118   78 1854 1742]
[  78  118 1854 1742]
[ 118   78 1854 1742]
[  78  118 1854 1742]
[  78  118 1854 1742]
[ 118   78 1854 1742]
[  78  118 1854 1742]
[ 118   78 1854 1742]
[ 118   78 1854 1742]
[ 118   78 1854 1742]
[ 118   78 1854 1742]
[ 118   78 1854 1742]
[  78  118 1854 1742]
[ 118   78 1854 1742]
[ 118   78 1854 1742]
[  78  118 1854 1742]
[ 118   78 1854 1742]
[ 118   78 1854 1742]
[  78  118 1854 1742]
[  78  118 1854 1742]
[  78  118 1854 1742]
[  78  118 1854 1742]
[ 118   78 1854 1742]
[ 118   78 1854 1742]
[ 118   78 1854 1742]
[ 118   78 1854 1742]
[ 118   78 1854 1742]
[  78  118 1854 1742]
[ 118   78 1854 1742]
[  78  118 1854 1742]
At i = 1181:
[ 118   78 1854 1742]
[  78  118 1854 1742]
[  78  118 1854 1742]
[ 118   78 1854 1742]
[ 118   78 1854 1742]
[  78  118 1854 1742]
[ 118   78 1854 1742]
[ 118   78 1854 1742]
[ 118   78 1854 1742]
[ 118   78 1854 1742]
[ 118   78 1854 1742]
[ 118   78 1854 1742]
[ 118   78 1854 1742]
[ 118   78 1854 1742]
[ 118   78 1854 1742]
[ 118   78 1854 1742]
[ 118   78 1854 1742]
[ 118   78 1854 1742]
[  78  118 1854 1742]
[ 118   78 1854 1742]
[ 118   78 1854 1742]
[ 118   78 1854 1742]
[ 118   78 1854 1742]
[ 118   78 1854 1742]
[ 118   78 1854 1742]
[ 118   78 1854 1742]
[ 118   78 1854 1742]
[ 118   78 1854 1742]
[  78  118 1854 1742]
[ 118   78 1854 1742]
At i = 1201:
[  78  118 1854 1742]
[ 118   78 1854 1742]
[ 118   78 1854 1742]
[ 118   78 1854 1742]
[ 118   78 1854 1742]
[ 118   78 1854 1742]
[ 118   78 1854 1742]
[ 118   78 1854 1742]
[ 118   78 1854 1742]
[  78  118 1854 1742]
[ 118   78 1854 1742]
[  78  118 1854 1742]
[ 118   78 1854 1742]
[ 118   78 1854 1742]
[  78  118 1854 1742]
[ 118   78 1854 1742]
[ 118   78 1854 1742]
[ 118   78 1854 1742]
[ 118   78 1854 1742]
[ 118   78 1854 1742]
[ 118   78 1854 1742]
[  78  118 1854 1742]
[  78  118 1854 1742]
[ 118   78 1854 1742]
[ 118   78 1854 1742]
[ 118   78 1854 1742]
[ 118   78 1854 1742]
[ 118   78 1854 1742]
[  78  118 1854 1742]
[  78  118 1854 1742]
At i = 1221:
[ 118   78 1854 1742]
[  78  118 1854 1742]
[  78  118 1854 1742]
[ 118   78 1854 1742]
[ 118   78 1854 1742]
[ 118   78 1854 1742]
[  78  118 1854 1742]
[ 118   78 1854 1742]
[ 118   78 1854 1742]
[ 118   78 1854 1742]
[  78  118 1854 1742]
[ 118   78 1854 1742]
[  78  118 1854 1742]
[  78  118 1854 1742]
[  78  118 1854 1742]
[ 118   78 1854 1742]
[ 118   78 1854 1742]
[ 118   78 1854 1742]
[ 118   78 1854 1742]
[ 118   78 1854 1742]
[  78  118 1854 1742]
[ 118   78 1854 1742]
[ 118   78 1854 1742]
[ 118   78 1854 1742]
[ 118   78 1854 1742]
[ 118   78 1854 1742]
[ 118   78 1854 1742]
[ 118   78 1854 1742]
[  78  118 1854 1742]
[ 118   78 1854 1742]
At i = 1241:
[ 118   78 1854 1742]
[  78  118 1854 1742]
[  78  118 1854 1742]
[ 118   78 1854 1742]
[ 118   78 1854 1742]
[ 118   78 1854 1742]
[  78  118 1854 1742]
[ 118   78 1854 1742]
[ 118   78 1854 1742]
[  78  118 1854 1742]
[ 118   78 1854 1742]
[ 118   78 1854 1742]
[ 118   78 1854 1742]
[ 118   78 1854 1742]
[ 118   78 1854 1742]
[  78  118 1854 1742]
[  78  118 1854 1742]
[ 118   78 1854 1742]
[ 118   78 1854 1742]
[ 118   78 1854 1742]
[ 118   78 1854 1742]
[ 118   78 1854 1742]
[  78  118 1854 1742]
[ 118   78 1854 1742]
[ 118   78 1854 1742]
[  78  118 1854 1742]
[  78  118 1854 1742]
[ 118   78 1854 1742]
[  78  118 1854 1742]
[ 118   78 1854 1742]
At i = 1261:
[ 118   78 1854 1742]
[ 118   78 1854 1742]
[ 118   78 1854 1742]
[ 118   78 1854 1742]
[ 118   78 1854 1742]
[ 118   78 1854 1742]
[ 118   78 1854 1742]
[  78  118 1854 1742]
[ 118   78 1854 1742]
[ 118   78 1854 1742]
[ 118   78 1854 1742]
[ 118   78 1854 1742]
[ 118   78 1854 1742]
[  78  118 1854 1742]
[ 118   78 1854 1742]
[  78  118 1854 1742]
[ 118   78 1854 1742]
[  78  118 1854 1742]
[ 118   78 1854 1742]
[ 118   78 1854 1742]
[ 118   78 1854 1742]
[ 118   78 1854 1742]
[  78  118 1854 1742]
[ 118   78 1854 1742]
[ 118   78 1854 1742]
[ 118   78 1854 1742]
[ 118   78 1854 1742]
[ 118   78 1854 1742]
[ 118   78 1854 1742]
[  78  118 1854 1742]
At i = 1281:
[ 118   78 1854 1742]
[ 118   78 1854 1742]
[ 118   78 1854 1742]
[ 118   78 1854 1742]
[  78  118 1854 1742]
[  78  118 1854 1742]
[  78  118 1854 1742]
[ 118   78 1854 1742]
[ 118   78 1854 1742]
[ 118   78 1854 1742]
[  78  118 1854 1742]
[  78  118 1854 1742]
[ 118   78 1854 1742]
[ 118   78 1854 1742]
[ 118   78 1854 1742]
[ 118   78 1854 1742]
[  78  118 1854 1742]
[ 118   78 1854 1742]
[ 118   78 1854 1742]
[ 118   78 1854 1742]
[ 118   78 1854 1742]
[ 118   78 1854 1742]
[  78  118 1854 1742]
[ 118   78 1854 1742]
[ 118   78 1854 1742]
[ 118   78 1854 1742]
[ 118   78 1854 1742]
[ 118   78 1854 1742]
[  78  118 1854 1742]
[ 118   78 1854 1742]
At i = 1301:
[ 118   78 1854 1742]
[ 118   78 1854 1742]
[ 118   78 1854 1742]
[ 118   78 1854 1742]
[ 118   78 1854 1742]
[ 118   78 1854 1742]
[ 118   78 1854 1742]
[  78  118 1854 1742]
[ 118   78 1854 1742]
[ 118   78 1854 1742]
[ 118   78 1854 1742]
[  78  118 1854 1742]
[ 118   78 1854 1742]
[ 118   78 1854 1742]
[ 118   78 1854 1742]
[ 118   78 1854 1742]
[ 118   78 1854 1742]
[ 118   78 1854 1742]
[ 118   78 1854 1742]
[ 118   78 1854 1742]
[ 118   78 1854 1742]
[ 118   78 1854 1742]
[ 118   78 1854 1742]
[ 118   78 1854 1742]
[  78  118 1854 1742]
[ 118   78 1854 1742]
[ 118   78 1854 1742]
[ 118   78 1854 1742]
[  78  118 1854 1742]
[ 118   78 1854 1742]
At i = 1321:
[ 118   78 1854 1742]
[ 118   78 1854 1742]
[ 118   78 1854 1742]
[ 118   78 1854 1742]
[ 118   78 1854 1742]
[ 118   78 1854 1742]
[  78  118 1854 1742]
[ 118   78 1854 1742]
[ 118   78 1854 1742]
[ 118   78 1854 1742]
[ 118   78 1854 1742]
[ 118   78 1854 1742]
[  78  118 1854 1742]
[ 118   78 1854 1742]
[ 118   78 1854 1742]
[ 118   78 1854 1742]
[ 118   78 1854 1742]
[ 118   78 1854 1742]
[ 118   78 1854 1742]
[ 118   78 1854 1742]
[ 118   78 1854 1742]
[  78  118 1854 1742]
[ 118   78 1854 1742]
[ 118   78 1854 1742]
[ 118   78 1854 1742]
[ 118   78 1854 1742]
[ 118   78 1854 1742]
[ 118   78 1854 1742]
[ 118   78 1854 1742]
[ 118   78 1854 1742]
At i = 1341:
[ 118   78 1854 1742]
[ 118   78 1854 1742]
[ 118   78 1854 1742]
[ 118   78 1854 1742]
[ 118   78 1854 1742]
[  78  118 1854 1742]
[ 118   78 1854 1742]
[ 118   78 1854 1742]
[ 118   78 1854 1742]
[ 118   78 1854 1742]
[ 118   78 1854 1742]
[  78  118 1854 1742]
[ 118   78 1854 1742]
[  78  118 1854 1742]
[ 118   78 1854 1742]
[ 118   78 1854 1742]
[ 118   78 1854 1742]
[ 118   78 1854 1742]
[ 118   78 1854 1742]
[ 118   78 1854 1742]
[  78  118 1854 1742]
[ 118   78 1854 1742]
[  78  118 1854 1742]
[ 118   78 1854 1742]
[ 118   78 1854 1742]
[ 118   78 1854 1742]
[ 118   78 1854 1742]
[ 118   78 1854 1742]
[ 118   78 1854 1742]
[ 118   78 1854 1742]
At i = 1361:
[ 118   78 1854 1742]
[ 118   78 1854 1742]
[ 118   78 1854 1742]
[ 118   78 1854 1742]
[ 118   78 1854 1742]
[ 118   78 1854 1742]
[ 118   78 1854 1742]
[ 118   78 1854 1742]
[ 118   78 1854 1742]
[  78  118 1854 1742]
[ 118   78 1854 1742]
[ 118   78 1854 1742]
[ 118   78 1854 1742]
[ 118   78 1854 1742]
[ 118   78 1854 1742]
[ 118   78 1854 1742]
[ 118   78 1854 1742]
[  78  118 1854 1742]
[ 118   78 1854 1742]
[ 118   78 1854 1742]
[ 118   78 1854 1742]
[ 118   78 1854 1742]
[ 118   78 1854 1742]
[ 118   78 1854 1742]
[ 118   78 1854 1742]
[ 118   78 1854 1742]
[ 118   78 1854 1742]
[  78  118 1854 1742]
[ 118   78 1854 1742]
[ 118   78 1854 1742]
At i = 1381:
[ 118   78 1854 1742]
[ 118   78 1854 1742]
[ 118   78 1854 1742]
[ 118   78 1854 1742]
[ 118   78 1854 1742]
[ 118   78 1854 1742]
[  78  118 1854 1742]
[ 118   78 1854 1742]
[ 118   78 1854 1742]
[  78  118 1854 1742]
[ 118   78 1854 1742]
[ 118   78 1854 1742]
[  78  118 1854 1742]
[  78  118 1854 1742]
[ 118   78 1854 1742]
[  78  118 1854 1742]
[  78  118 1854 1742]
[ 118   78 1854 1742]
[ 118   78 1854 1742]
[ 118   78 1854 1742]
[ 118   78 1854 1742]
[ 118   78 1854 1742]
[ 118   78 1854 1742]
[ 118   78 1854 1742]
[ 118   78 1854 1742]
[  78  118 1854 1742]
[ 118   78 1854 1742]
[ 118   78 1854 1742]
[ 118   78 1854 1742]
[ 118   78 1854 1742]
At i = 1401:
[ 118   78 1854 1742]
[ 118   78 1854 1742]
[  78  118 1854 1742]
[ 118   78 1854 1742]
[  78  118 1854 1742]
[ 118   78 1854 1742]
[ 118   78 1854 1742]
[ 118   78 1854 1742]
[ 118   78 1854 1742]
[ 118   78 1854 1742]
[ 118   78 1854 1742]
[ 118   78 1854 1742]
[ 118   78 1854 1742]
[  78  118 1854 1742]
[ 118   78 1854 1742]
[ 118   78 1854 1742]
[ 118   78 1854 1742]
[ 118   78 1854 1742]
[ 118   78 1854 1742]
[ 118   78 1854 1742]
[ 118   78 1854 1742]
[ 118   78 1854 1742]
[ 118   78 1854 1742]
[ 118   78 1854 1742]
[ 118   78 1854 1742]
[ 118   78 1854 1742]
[ 118   78 1854 1742]
[ 118   78 1854 1742]
[ 118   78 1854 1742]
[ 118   78 1854 1742]
At i = 1421:
[  78  118 1854 1742]
[ 118   78 1854 1742]
[ 118   78 1854 1742]
[ 118   78 1854 1742]
[  78  118 1854 1742]
[ 118   78 1854 1742]
[ 118   78 1854 1742]
[  78  118 1854 1742]
[ 118   78 1854 1742]
[ 118   78 1854 1742]
[ 118   78 1854 1742]
[ 118   78 1854 1742]
[ 118   78 1854 1742]
[ 118   78 1854 1742]
[  78  118 1854 1742]
[ 118   78 1854 1742]
[ 118   78 1854 1742]
[ 118   78 1854 1742]
[ 118   78 1854 1742]
[ 118   78 1854 1742]
[ 118   78 1854 1742]
[ 118   78 1854 1742]
[ 118   78 1854 1742]
[ 118   78 1854 1742]
[ 118   78 1854 1742]
[ 118   78 1854 1742]
[ 118   78 1854 1742]
[ 118   78 1854 1742]
[ 118   78 1854 1742]
[ 118   78 1854 1742]
At i = 1441:
[ 118   78 1854 1742]
[ 118   78 1854 1742]
[ 118   78 1854 1742]
[  78  118 1854 1742]
[ 118   78 1854 1742]
[ 118   78 1854 1742]
[ 118   78 1854 1742]
[ 118   78 1854 1742]
[ 118   78 1854 1742]
[ 118   78 1854 1742]
[ 118   78 1854 1742]
[ 118   78 1854 1742]
[ 118   78 1854 1742]
[ 118   78 1854 1742]
[ 118   78 1854 1742]
[ 118   78 1854 1742]
[ 118   78 1854 1742]
[ 118   78 1854 1742]
[ 118   78 1854 1742]
[ 118   78 1854 1742]
[ 118   78 1854 1742]
[ 118   78 1854 1742]
[ 118   78 1854 1742]
[ 118   78 1854 1742]
[ 118   78 1854 1742]
[ 118   78 1854 1742]
[ 118   78 1854 1742]
[ 118   78 1854 1742]
[ 118   78 1854 1742]
[ 118   78 1854 1742]
At i = 1461:
[ 118   78 1854 1742]
[ 118   78 1854 1742]
[ 118   78 1854 1742]
[ 118   78 1854 1742]
[ 118   78 1854 1742]
[ 118   78 1854 1742]
[ 118   78 1854 1742]
[ 118   78 1854 1742]
[ 118   78 1854 1742]
[ 118   78 1854 1742]
[ 118   78 1854 1742]
[  78  118 1854 1742]
[ 118   78 1854 1742]
[ 118   78 1854 1742]
[ 118   78 1854 1742]
[ 118   78 1854 1742]
[ 118   78 1854 1742]
[ 118   78 1854 1742]
[ 118   78 1854 1742]
[ 118   78 1854 1742]
[ 118   78 1854 1742]
[ 118   78 1854 1742]
[ 118   78 1854 1742]
[ 118   78 1854 1742]
[ 118   78 1854 1742]
[ 118   78 1854 1742]
[ 118   78 1854 1742]
[ 118   78 1854 1742]
[ 118   78 1854 1742]
[ 118   78 1854 1742]
At i = 1481:
[ 118   78 1854 1742]
[ 118   78 1854 1742]
[ 118   78 1854 1742]
[ 118   78 1854 1742]
[ 118   78 1854 1742]
[ 118   78 1854 1742]
[ 118   78 1854 1742]
[ 118   78 1854 1742]
[ 118   78 1854 1742]
[ 118   78 1854 1742]
[ 118   78 1854 1742]
[ 118   78 1854 1742]
[ 118   78 1854 1742]
[ 118   78 1854 1742]
[ 118   78 1854 1742]
[ 118   78 1854 1742]
[ 118   78 1854 1742]
[ 118   78 1854 1742]
[ 118   78 1854 1742]
[ 118   78 1854 1742]
[ 118   78 1854 1742]
[ 118   78 1854 1742]
[ 118   78 1854 1742]
[ 118   78 1854 1742]
[ 118   78 1854 1742]
[ 118   78 1854 1742]
[ 118   78 1854 1742]
[ 118   78 1854 1742]
[ 118   78 1854 1742]
[ 118   78 1854 1742]
At i = 1501:
[ 118   78 1854 1742]
[ 118   78 1854 1742]
[ 118   78 1854 1742]
[ 118   78 1854 1742]
[ 118   78 1854 1742]
[ 118   78 1854 1742]
[ 118   78 1854 1742]
[ 118   78 1854 1742]
[ 118   78 1854 1742]
[ 118   78 1854 1742]
[ 118   78 1854 1742]
[ 118   78 1854 1742]
[ 118   78 1854 1742]
[ 118   78 1854 1742]
[ 118   78 1854 1742]
[ 118   78 1854 1742]
[ 118   78 1854 1742]
[ 118   78 1854 1742]
[ 118   78 1854 1742]
[  78  118 1854 1742]
[ 118   78 1854 1742]
[ 118   78 1854 1742]
[ 118   78 1854 1742]
[ 118   78 1854 1742]
[ 118   78 1854 1742]
[ 118   78 1854 1742]
[ 118   78 1854 1742]
[ 118   78 1854 1742]
[ 118   78 1854 1742]
[ 118   78 1854 1742]
At i = 1521:
[ 118   78 1854 1742]
[ 118   78 1854 1742]
[ 118   78 1854 1742]
[ 118   78 1854 1742]
[ 118   78 1854 1742]
[ 118   78 1854 1742]
[ 118   78 1854 1742]
[ 118   78 1854 1742]
[ 118   78 1854 1742]
[ 118   78 1854 1742]
[ 118   78 1854 1742]
[ 118   78 1854 1742]
[ 118   78 1854 1742]
[ 118   78 1854 1742]
[ 118   78 1854 1742]
[ 118   78 1854 1742]
[ 118   78 1854 1742]
[ 118   78 1854 1742]
[ 118   78 1854 1742]
[ 118   78 1854 1742]
[ 118   78 1854 1742]
[ 118   78 1854 1742]
[ 118   78 1854 1742]
[ 118   78 1854 1742]
[ 118   78 1854 1742]
[ 118   78 1854 1742]
[ 118   78 1854 1742]
[ 118   78 1854 1742]
[ 118   78 1854 1742]
[ 118   78 1854 1742]
