Paramters 622

n_qubits = 4
chi = 10

LEARNING_RATE = 0.0001
n_sessions = 1000

percentile = 93
super_percentile = 96

optimizer = Adam
n_generations= 5000
generations ran for = 300+

Partial stabilizers:
n_stabilizers (all) = 12480
n_stabilizers (real) = 1568
Added all-0 string

projection: 1.0000000000000004
Max score: 0.99999419


You found a stabilizer decomposition with (n_qubits,chi) =  [4, 10]
The set of stabilizers is:  [ 379 1204 1090 1378  273  362  908  710 1322 1014]
The stabilizer states are:
[array([[ 0. ],
        [ 0. ],
        [ 0. ],
        [ 0. ],
        [ 0. ],
        [ 0. ],
        [ 0.5],
        [-0.5],
        [ 0.5],
        [-0.5],
        [ 0. ],
        [ 0. ],
        [ 0. ],
        [ 0. ],
        [ 0. ],
        [ 0. ]]),
 array([[ 0.25],
        [ 0.25],
        [ 0.25],
        [-0.25],
        [ 0.25],
        [-0.25],
        [-0.25],
        [-0.25],
        [-0.25],
        [-0.25],
        [ 0.25],
        [-0.25],
        [ 0.25],
        [-0.25],
        [ 0.25],
        [ 0.25]]),
 array([[0.35355339],
        [0.        ],
        [0.35355339],
        [0.        ],
        [0.        ],
        [0.35355339],
        [0.        ],
        [0.35355339],
        [0.        ],
        [0.35355339],
        [0.        ],
        [0.35355339],
        [0.35355339],
        [0.        ],
        [0.35355339],
        [0.        ]]),
 array([[ 0.35355339],
        [ 0.        ],
        [ 0.        ],
        [ 0.35355339],
        [ 0.        ],
        [ 0.35355339],
        [ 0.35355339],
        [ 0.        ],
        [ 0.        ],
        [-0.35355339],
        [-0.35355339],
        [ 0.        ],
        [ 0.35355339],
        [ 0.        ],
        [ 0.        ],
        [ 0.35355339]]),
 array([[ 0.        ],
        [ 0.        ],
        [ 0.        ],
        [-0.70710678],
        [ 0.        ],
        [ 0.        ],
        [ 0.        ],
        [ 0.        ],
        [ 0.        ],
        [ 0.        ],
        [ 0.        ],
        [ 0.        ],
        [ 0.70710678],
        [ 0.        ],
        [ 0.        ],
        [ 0.        ]]),
 array([[ 0.25],
        [ 0.25],
        [-0.25],
        [-0.25],
        [ 0.25],
        [-0.25],
        [ 0.25],
        [-0.25],
        [ 0.25],
        [-0.25],
        [ 0.25],
        [-0.25],
        [ 0.25],
        [ 0.25],
        [-0.25],
        [-0.25]]),
 array([[ 0.        ],
        [ 0.35355339],
        [ 0.35355339],
        [ 0.        ],
        [ 0.        ],
        [-0.35355339],
        [-0.35355339],
        [ 0.        ],
        [ 0.35355339],
        [ 0.        ],
        [ 0.        ],
        [-0.35355339],
        [-0.35355339],
        [ 0.        ],
        [ 0.        ],
        [ 0.35355339]]),
 array([[ 0.        ],
        [ 0.35355339],
        [-0.35355339],
        [ 0.        ],
        [-0.35355339],
        [ 0.        ],
        [ 0.        ],
        [ 0.35355339],
        [-0.35355339],
        [ 0.        ],
        [ 0.        ],
        [-0.35355339],
        [ 0.        ],
        [ 0.35355339],
        [ 0.35355339],
        [ 0.        ]]),
 array([[ 0.5],
        [ 0. ],
        [ 0. ],
        [ 0. ],
        [ 0. ],
        [ 0.5],
        [ 0. ],
        [ 0. ],
        [ 0. ],
        [ 0.5],
        [ 0. ],
        [ 0. ],
        [-0.5],
        [ 0. ],
        [ 0. ],
        [ 0. ]]),
 array([[ 0.35355339],
        [ 0.35355339],
        [ 0.        ],
        [ 0.        ],
        [ 0.        ],
        [ 0.        ],
        [ 0.35355339],
        [ 0.35355339],
        [ 0.        ],
        [ 0.        ],
        [-0.35355339],
        [ 0.35355339],
        [ 0.35355339],
        [-0.35355339],
        [ 0.        ],
        [ 0.        ]])]