At i = 1:
[ 295  396 1535   39 1127  107   89 1181  429  817]
[1270  172   25   26 1550  203 1079 1412 1160  717]
[ 932  521 1016 1353  273   54 1478  908 1287 1550]
[ 808    3 1417 1208  950  591  908  710  753 1378]
[ 771  896  226  668  908   81 1090 1471  193  736]
[1436 1540 1090  273   37  278 1468  193 1075 1505]
[  68 1284  753  362 1478  668 1287  908 1075  549]
[ 785  595 1098  172  197 1258 1478  710 1287  330]
[ 749 1180 1322  626 1127   25 1289  684   39   39]
[  46   25   81 1495  908 1075  908 1468 1322 1468]
[ 742 1416   54  908  550  195 1468  908 1127  193]
[1254  711  362  193  795   39  251  908 1212   25]
[1060  562  922   81  388  795  549  273  908  980]
[1486  197  150  884  330 1028  549  908 1075 1287]
[1008 1398 1225 1011 1468  107  549  908  213 1014]
[  74  868 1352  193 1098    3 1208  710 1561 1079]
[ 873 1090 1468  388 1028  400  362  273  273   25]
[  86  564  116 1416  908 1322  908 1468 1287  908]
[ 859  361  910  314 1425  161  388 1374 1067 1079]
[1107 1505  273 1478 1460 1090  908 1468 1075 1468]
[1047  383  848   25  362  626  558  753  193  193]
[ 688   25 1263   39  278  120  896 1505  385 1153]
[1426  862  908  362 1181  429  684 1014 1127  753]
[1377   70 1416   25  550  626  659 1468 1208 1302]
[ 589 1398  362 1014  908 1468  710  908  193 1075]
[ 685    3 1450  278 1421  107  955  193 1018  362]
[ 845  628  668  330 1041   26 1550  107   37 1127]
[ 372 1134  549   25  950   39 1287 1075 1208  950]
[1353   25 1509  920  853  251  400  920 1094  529]
[ 244  174  668  429  362 1398  908  908  193 1075]
[ 320  506 1358   25  753   39 1208  753  668  273]
[ 557 1079 1090 1439  549  549 1468  710  908  908]
[1204  362 1006 1014  921 1181 1468  908  193 1075]
[ 573  235 1127  161  558   39   25  668 1108  774]
[ 253  202  731   39  920  548  908  549 1075  576]
[ 715 1346  710 1478  950   58  908  908 1287   54]
[ 514  240  158  883  362  757  710  908 1287 1127]
[ 735  324   46  581  107  721 1322  753  193 1287]
[1106  576  273 1446  193 1090  908 1478 1075 1565]
[ 318   12 1237  146 1208   39  161   89 1208    3]
[1495   70  661  429   39  983 1478  908 1322  548]
[ 816  628 1322 1439 1468   88  776  558  950  107]
At i = 21:
[ 896 1378  908 1011  710  362 1090  362 1322  273]
[ 524 1503  710 1208 1090  908  273 1090   88  362]
[1315 1098  753 1127  753   39 1289  273   25  914]
[ 341  891 1090  400   25  273  362  908 1098  710]
[ 209 1006  273  362 1090  628  908  908 1287 1014]
[1082  848  710 1378 1090  388   81  362  753  273]
[1536 1505 1416 1378  558  273  908  273  362 1090]
[1256 1491 1090  362  273   88  908 1478  193  955]
[1334   88 1247  314  362 1505 1090  908 1075  273]
[ 974 1417 1090 1204  710   54  273  362  908 1378]
[ 826 1094 1090  908  273  362  908 1322  193 1287]
[ 653 1287 1322 1378  908  710  273 1090  362  273]
[1440   39 1204  564    3  273 1011   54 1090  710]
[ 617  678 1090  362  908   25 1378  273 1439  388]
[1295 1098  908 1378  710  273  273  362 1090   25]
[ 615 1160  273   37  668 1208 1090 1075  193  193]
[ 425  908  950 1378 1468  950  710 1090 1322  273]
[1004 1439 1468   37 1514  388   25   39   25  273]
[ 915 1416  362  710 1322 1468 1090  273 1075  908]
[1196  521  798  564 1505 1011 1090  362  362  273]
[ 247  379  628   25 1237  955  362 1090  731  375]
[ 623 1378 1090 1247  710  273  362  908  362  558]
[1566 1378  710  190   37 1090  908  362 1075  273]
[1016   37  896  914   39 1011  908 1090 1322  273]
[1075  776  684 1353 1322  549  908  273 1090  273]
[ 754  725 1539  388 1378  914  273 1090   39  190]
[ 795  812   88 1090 1075  273  550  362  273  908]
[1508  798 1127  375   25 1540  908 1090 1075 1468]
[ 295  396 1535   39 1127  107   89 1181  429  817]
[1254   70  273  521 1014 1079  908  362 1287  429]
[1264 1416 1090 1079  908  273  362  908 1011 1378]
[1444  610 1075  362 1439  273 1011   39   25 1478]
[ 847  548 1322 1378  908  375  273 1075  955 1412]
[ 487  939   88  908 1468 1075  273  362 1090  710]
[1525  710  362 1208   25 1014  908  273 1090 1322]
[1137   39 1491   25  388  146 1204 1014 1098 1069]
[  32  612 1090  588  273   37   88  273 1322  774]
[ 424  621 1225  375 1069  193   25   39  362  362]
[1481 1468 1090  506 1079   39   25 1079  375  251]
[1468   89   25  251 1175  388 1014 1378  193   39]
[  65  105 1518 1208  908  273  362 1478 1287  273]
[1256 1204 1090  388  375 1014  273  753 1075  362]
At i = 41:
[ 762 1421  908  362 1287 1378 1090  710 1322  273]
[ 642  564 1468 1181 1090 1378  710  908 1322  273]
[1549 1378  908   25  273 1014  710  362 1075 1090]
[  81  874  908  362  628  273  710 1090 1098 1378]
[ 896 1378  908 1011  710  362 1090  362 1322  273]
[ 606  757  914 1540 1090   37  362  273  908 1378]
[ 281 1348  710 1378  908  362 1090 1090 1322  273]
[1022  100  710 1514 1322  273   39  203   25 1378]
[ 801 1505 1090 1378  273 1090  908 1090  710  362]
[ 630 1204 1090  710 1090 1378  273  908 1322  362]
[ 524 1503  710 1208 1090  908  273 1090   88  362]
[1315 1098  753 1127  753   39 1289  273   25  914]
[ 880  314 1137 1204  362 1550  273 1090 1090  710]
[ 341  891 1090  400   25  273  362  908 1098  710]
[ 699 1550  710  273  710 1378  362 1090 1322  908]
[ 209 1006  273  362 1090  628  908  908 1287 1014]
[1246 1353  908  273  362 1378 1090  362 1322  710]
[1082  848  710 1378 1090  388   81  362  753  273]
[1005 1258 1090  273  908 1378  710  273 1322  362]
[1536 1505 1416 1378  558  273  908  273  362 1090]
[1127 1204  908 1014 1090  362  273  710 1322  908]
[ 666   81  146  273  908  914 1090  362 1322 1378]
[ 746  798 1090 1079  362  273 1322  908 1287 1378]
[1126 1208 1322 1378  362 1090  362  908  710  273]
[1476 1079 1127 1378  273 1378  908  908  362 1090]
[ 199 1439 1322 1378  908  362  710 1090  273  908]
[ 968  717  362 1098  710 1079 1090  908 1075  273]
[1503 1014 1090 1208  273 1378  362  908  908  362]
[ 695 1247 1471 1378  710  362  273  273 1090  908]
[1256 1491 1090  362  273   88  908 1478  193  955]
[ 528 1378 1322 1378  908  710 1090  710  273  362]
[1334   88 1247  314  362 1505 1090  908 1075  273]
[ 463  894 1090  362  273 1378  908  362 1322  710]
[ 580 1247  710 1378  908 1090  362 1090 1322  273]
[ 974 1417 1090 1204  710   54  273  362  908 1378]
[ 296 1460 1090 1378 1322  362  710  908  908  273]
[1392 1378  710 1098 1090  362  273  753  908 1079]
[ 880  980 1322 1378  710 1090  362  710  908  273]
[1256 1439  908  362  710 1378  273 1090 1322  710]
[ 686  725 1416 1011 1289 1378  273  908 1090  362]
[ 914  798  549 1378  273  362  710 1090 1322  908]
[1139 1258  710  362  710 1378  273 1090 1322  908]
At i = 61:
[ 762 1421  908  362 1287 1378 1090  710 1322  273]
[1258 1204 1322 1378  908  908  362 1090  710  273]
[1364 1204 1322 1378  362  273  710  362 1090  908]
[1304 1378 1090  273  710 1204  362  908 1322  273]
[ 769 1168 1322 1378 1090  273  908  710  362  908]
[ 606 1439 1090  273 1378 1208 1090  908 1322  362]
[1424 1378  908  273  710 1550 1090  362 1322 1090]
[ 976 1204 1090  362  908 1378 1090  710 1322  273]
[1243 1204  908  710 1090 1378  362 1090 1322  273]
[ 724 1204  710  908 1090  362  273 1090 1322 1378]
[ 829  891  710  362  908 1378 1090  273 1322  710]
[ 591 1439  908  273  710 1378 1090 1322 1322  362]
[ 642  564 1468 1181 1090 1378  710  908 1322  273]
[ 726 1550  908  273  273 1378  908  362 1322 1090]
[1216 1014  908  273  362 1378  710 1090 1322  710]
[1233 1289 1090  362  908 1378  710  710 1322  273]
[1549 1378  908   25  273 1014  710  362 1075 1090]
[ 800 1204 1322 1378  273  362 1090  273  908  710]
[1260 1378 1322  362  273 1289  710  908 1287 1090]
[  81  874  908  362  628  273  710 1090 1098 1378]
[1374 1550  710  273  908 1378 1090  362 1322  273]
[ 896 1378  908 1011  710  362 1090  362 1322  273]
[1370  798  710  362  908 1378 1090 1322 1322  273]
[ 777  362  908 1204  710 1378  908 1090 1322  273]
[ 419  400  908  273  753 1378  362 1090 1322 1322]
[1505 1289 1322 1378  710  362 1090  273  908  908]
[ 606  757  914 1540 1090   37  362  273  908 1378]
[ 677  172 1025  884  273 1079  710 1090 1322  908]
[ 815 1550 1090  362  273 1378  710  710 1322  908]
[ 439 1550 1322 1378  710  908  362 1090 1090  273]
[ 842 1378 1322 1204 1090  362  362  273  710  908]
[1548 1378  628  273  908 1204 1090  710 1322  362]
[1100 1204 1090 1378  273  273  710  908 1322  362]
[1093  710 1090   25 1204 1378  908  362 1322  273]
[ 604 1505  710  273  908 1378  710 1090 1322  362]
[1204 1247 1322 1378  273  908  362  908 1090  710]
[1163 1204 1090  273  362 1378  908  710 1322  710]
[ 606  753  362  330  908 1378 1090  908 1287  273]
[1367 1204  273  710 1322 1378 1090  362 1322  908]
[1367 1204 1090  362  710 1378  908 1090 1322  273]
[1418 1204  273  710  908 1378 1090  362 1322 1090]
[ 983  273  710 1204 1090 1378 1090  908 1322  362]
At i = 81:
[1197 1204  908  273  908 1378  362 1090 1322  710]
[ 762 1421  908  362 1287 1378 1090  710 1322  273]
[ 315 1014 1090 1204  710  362  273  908 1322 1378]
[ 570 1014 1090 1378  710  273  362  908 1322 1204]
[1454 1204  908  273 1090 1378  710  362 1322  273]
[1258 1204 1322 1378  908  908  362 1090  710  273]
[ 949 1505  908  710  362  273 1090  362 1322 1378]
[1364 1204 1322 1378  362  273  710  362 1090  908]
[1019 1204  908  362  273  362 1090  710 1322 1378]
[ 757 1204 1090  362  273 1378  710  908 1322  362]
[ 964 1204 1322 1378  908  273 1090  362  362  710]
[1209 1204  710  273  362 1378  908 1090 1322  710]
[1304 1378 1090  273  710 1204  362  908 1322  273]
[ 769 1168 1322 1378 1090  273  908  710  362  908]
[1227 1204 1090  273  362 1378  908  710 1322  362]
[1030 1204  362  710  908 1378 1090  273 1322  362]
[ 712 1258  908  273 1322 1378 1090  710 1322  362]
[1293 1378  908  273  710 1204 1090 1322 1322  362]
[ 890 1011  908 1204  362  273  710 1090 1322 1378]
[ 529  891 1090 1204  908 1378  362  710  273 1322]
[1348 1378  908  273  362 1204 1090 1090 1322  710]
[ 603  908 1287 1204  710 1378  273 1090 1322  362]
[ 606 1439 1090  273 1378 1208 1090  908 1322  362]
[1148 1550  908  273  362 1378 1090  710 1322  710]
[ 356  817 1090 1204  362  273  908  710 1322 1378]
[  46  904  362  710 1090  273  273  908 1322 1378]
[1052 1378  908  273  950 1204 1090  710 1322  362]
[1512 1550 1322  273 1090 1378  362  908 1322  710]
[1251 1378 1090  362  908 1204 1090  710 1322  273]
[1070 1204 1090  273  362 1378  908  710 1322  710]
[1244 1204 1090  273  908 1378  710  362 1322  710]
[1424 1378  908  273  710 1550 1090  362 1322 1090]
[1394 1204  908  362  908 1378  710 1090 1322  273]
[ 976 1204 1090  362  908 1378 1090  710 1322  273]
[1529 1378  710  273 1090 1204  362  908 1322  273]
[1243 1204  710  362  908 1378 1090  362 1322  273]
[1243 1204  908  710 1090 1378  362 1090 1322  273]
[1334 1378  908  362  710 1204  362 1090 1322  273]
[ 606  273 1090   89 1098 1181  362  362  908 1378]
[ 724 1204  710  908 1090  362  273 1090 1322 1378]
[ 829  891  710  362  908 1378 1090  273 1322  710]
[ 591 1439  908  273  710 1378 1090 1322 1322  362]
At i = 101:
[1197 1204  908  273  908 1378  362 1090 1322  710]
[1197 1378 1090  273  710 1204  908  362 1322  710]
[ 685 1014  710  273 1090 1204  362  908 1322 1378]
[ 762 1421  908  362 1287 1378 1090  710 1322  273]
[ 550 1014 1322 1204 1090 1378  362  273  710  908]
[ 315 1014 1090 1204  710  362  273  908 1322 1378]
[ 676 1014 1090 1378  710  362  273  908 1322 1204]
[ 570 1014 1090 1378  710  273  362  908 1322 1204]
[1014 1204  908  273  710 1378 1090  710 1322  362]
[1014 1378  908  273  273 1204 1090  362 1322  710]
[1454 1378  710  362 1090 1204  908  710 1322  273]
[1014 1204  710 1090  362  273  273  908 1322 1378]
[1014 1204 1090 1090  362  273  908  710 1322 1378]
[1014 1378  710  362 1090 1204 1090  908 1322  273]
[1454 1204  908  273 1090 1378  710  362 1322  273]
[ 349 1258  710  273  908 1204  362 1090 1322 1378]
[1151 1378 1090  362  908 1204 1090  710 1322  273]
[ 223 1208 1090 1204  362  273  710  908 1322 1378]
[1137 1204  710  362  273 1378  908 1090 1322 1322]
[1258 1204 1322 1378  908  908  362 1090  710  273]
[ 505  273  757 1378  908 1204 1090  710 1322  362]
[ 949 1505  908  710  362  273 1090  362 1322 1378]
[1051 1079  710  273 1090 1204  362  908 1322 1378]
[1208 1204 1090  362  273 1378  908 1090 1322  710]
[ 801 1204  908  710  362  273 1090  362 1322 1378]
[ 831 1204  710  362  908 1378 1090  908 1322  273]
[ 205  742 1090 1204  710  273  362  908 1322 1378]
[1364 1204 1322 1378  362  273  710  362 1090  908]
[1019 1204  908  362  273  362 1090  710 1322 1378]
[1019 1378  908  273  362 1204 1090  710 1322  908]
[ 757 1204 1090  362  273 1378  710  908 1322  710]
[ 757 1204 1090  362  273 1378  710  908 1322  362]
[ 964 1204  710  273  362 1378 1090  362 1322  908]
[ 964 1204 1322 1378  908  273 1090  362  362  710]
[1209 1204  710  273  362 1378  908 1090 1322  710]
[1209 1378  273 1090  710  362  908 1090 1322 1204]
[1304 1378 1090  273  362 1204  908  710 1322  362]
[1304 1378 1090  273  710 1204  362  908 1322  273]
[ 769 1168 1322 1378 1090  273  908  710  362  908]
[1227 1204  908  273  710 1378 1090  710 1322  362]
[1227 1204 1090  273  362 1378  908  710 1322  362]
[1120 1378 1090  362  273 1204  710  710 1322  908]
At i = 121:
[1197 1204  710  273  362 1378 1090  908 1322  710]
[1197 1204  908  273  908 1378  362 1090 1322  710]
[1197 1378 1090  273  710 1204  908  362 1322  710]
[1551 1014  362  273 1090 1204  710  908 1322 1378]
[ 918 1204 1090  273 1014 1378  908  710 1322  362]
[1537 1204 1090 1014  273  362  710  908 1322 1378]
[ 685 1014  710  273 1090 1204  362  908 1322 1378]
[ 762 1421  908  362 1287 1378 1090  710 1322  273]
[1080 1014 1090 1378  710  273  362  908 1322 1204]
[ 550 1014 1322 1204 1090 1378  362  273  710  908]
[ 315 1014 1090 1204  710  362  273  908 1322 1378]
[ 645 1014 1090 1378  908  362  273  710 1322 1204]
[ 578 1014  908 1378 1090  362  273  710 1322 1204]
[ 856 1204 1090 1014  710  273  908  362 1322 1378]
[ 983 1014 1090 1204  362  273  710  908 1322 1378]
[ 752 1378 1090  362 1014 1204  908  710 1322  273]
[ 676 1014 1090 1378  710  362  273  908 1322 1204]
[ 522 1378  908 1014  273  362  710 1090 1322 1204]
[ 458 1014 1090 1378  710  273  362  908 1322 1204]
[ 941 1204  908 1014  362  273 1090  710 1322 1378]
[ 622 1014 1090 1378  710  273  362  908 1322 1204]
[ 570 1014 1090 1378  710  273  362  908 1322 1204]
[ 503 1014 1090 1204  908  362  273  710 1322 1378]
[ 558 1204 1090  362  273 1378  710  908 1322  908]
[1014 1204  908  273  710 1378 1090  710 1322  362]
[1014 1378  908  273  273 1204 1090  362 1322  710]
[1454 1378  710  362 1090 1204  908  710 1322  273]
[1014 1204  710 1090  362  273  273  908 1322 1378]
[ 710 1204 1090 1014  273  362  362  908 1322 1378]
[1014 1204 1090 1090  362  273  908  710 1322 1378]
[1014 1378  710  362 1090 1204 1090  908 1322  273]
[1454 1204  908  273 1090 1378  710  362 1322  273]
[ 349 1258  710  273  908 1204  362 1090 1322 1378]
[1151 1378  908  273  710 1204 1090  908 1322  362]
[1151 1378 1090  362  908 1204 1090  710 1322  273]
[ 223 1208 1090 1204  362  273  710  908 1322 1378]
[1137 1204  710  362  273 1378  908 1090 1322 1322]
[1258 1204 1322 1378  908  908  362 1090  710  273]
[ 505  273  757 1378  908 1204 1090  710 1322  362]
[ 949 1505  908  710  362  273 1090  362 1322 1378]
[ 786 1204  908  273  273 1378 1090  362 1322  710]
[ 463 1208 1090 1378  908  273  362  710 1322 1204]
At i = 141:
[1199 1204 1090 1378  273  362  908  710 1322 1014]
[ 548 1204  710  908 1090  273 1014  362 1322 1378]
[ 834 1204 1090 1014  710  273  908  362 1322 1378]
[1197 1204 1090 1014  362  273  710  908 1322 1378]
[1197 1204 1090 1014  362  273  908  710 1322 1378]
[1197 1204  710  273  362 1378 1090  908 1322  710]
[1197 1204  908  273  908 1378  362 1090 1322  710]
[1197 1378 1090  362  273 1204  908  710 1322  362]
[1197 1204 1090 1378  362  908  710  908 1322  273]
[1197 1378 1090  273  710 1204  908  362 1322  710]
[1551 1014  362  273 1090 1204  710  908 1322 1378]
[ 918 1204 1090  273 1014 1378  908  710 1322  362]
[1155 1204 1090 1014  273  362  908  710 1322 1378]
[ 779 1014 1090 1378  710  273  362  908 1322 1204]
[ 779 1204 1090 1014  273  362  908  710 1322 1378]
[1331 1204 1090 1014  362  273  908  710 1322 1378]
[1273 1204 1090 1014  362  273  908  710 1322 1378]
[ 569 1378 1090 1014  362  273  908  710 1322 1204]
[1099 1204 1090 1014  362  273  710  908 1322 1378]
[1004 1204 1090 1014  273  362  908  710 1322 1378]
[1537 1204 1090 1014  273  362  710  908 1322 1378]
[ 949 1378 1090 1014  710  273  362  908 1322 1204]
[ 845 1378 1090 1014  362  273  908  710 1322 1204]
[ 712 1204 1090 1014  710 1378  362  908 1322  273]
[ 712 1204 1090 1014  710 1378  362  908 1322  273]
[ 784 1204 1090 1014  273  362  908  710 1322 1378]
[ 712 1204 1090 1014  362  273  908  710 1322 1378]
[ 685 1014  710  273 1090 1204  362  908 1322 1378]
[ 371 1014 1090 1204  273  362  908  710 1322 1378]
[1474 1204 1090 1378  362  273  908  710 1322 1014]
[ 762 1421  908  362 1287 1378 1090  710 1322  273]
[1080 1014 1090 1378  710  273  362  908 1322 1204]
[ 500 1378 1090  362 1014 1204  908  710 1322  273]
[  86 1066  908 1378 1090  273  362  710 1322 1204]
[1061 1204 1090 1014  710  362  273  908 1322 1378]
[ 731 1204 1090 1014  362  273  908  710 1322 1378]
[1264 1014 1090 1378  362  273  710  908 1322 1204]
[1550 1378 1090 1014  362  273  908  710 1322 1204]
[ 447 1204 1090 1014  908 1378  362  710 1322  273]
[1000 1204 1090 1014  273  362  908  710 1322 1378]
[ 550 1014 1322 1204 1090 1378  362  273  710  908]
[ 510 1378 1090  273 1014 1204  908  710 1322  362]
At i = 161:
[ 472 1204 1090 1378  273  908  362  710 1322 1014]
[1199 1204 1090 1378  273  362  908  710 1322 1014]
[ 548 1204  710  908 1090  273 1014  362 1322 1378]
[ 897 1204 1090 1014  362  273  908  710 1322 1378]
[ 834 1204 1090 1014  710  273  908  362 1322 1378]
[ 834 1204 1090 1378  273  362  908  710 1322 1014]
[1093 1204 1090 1014  273  362  908  710 1322 1378]
[1197 1204 1090 1014  362  273  710  908 1322 1378]
[1197 1204 1090 1014  362  273  908  710 1322 1378]
[1197 1204  710  273  362 1378 1090  908 1322  710]
[1197 1204  908  273  908 1378  362 1090 1322  710]
[1197 1378 1090  362  273 1204  710  908 1322  908]
[1197 1378 1090  273  362 1204  908  710 1322  362]
[1197 1378 1090  362  273 1204  908  710 1322  908]
[1197 1378 1090  362  273 1204  908  710 1322  362]
[1197 1204 1090 1378  362  908  710  908 1322  273]
[1197 1378 1090  273  710 1204  908  362 1322  710]
[ 761 1204 1090 1014  273  362  908  710 1322 1378]
[1432 1204 1090 1014  273  362  710  908 1322 1378]
[ 408 1014 1090 1204  908 1378  362  710 1322  273]
[1551 1014  362  273 1090 1204  710  908 1322 1378]
[ 918 1204 1090 1014  273  362  908  710 1322 1378]
[ 918 1204 1090  273 1014 1378  908  710 1322  362]
[ 791 1204 1090  362 1014 1378  908  710 1322  273]
[1224 1204 1090 1378  273  362  908  710 1322 1014]
[1224 1378 1090 1014  362  273  908  710 1322 1204]
[1361 1204 1090 1378  273  362  908  710 1322 1014]
[1155 1204 1090 1014  273  362  908  710 1322 1378]
[1201 1204 1090 1014  273  362  908  710 1322 1378]
[1337 1378 1090  273 1014 1204  908  710 1322  362]
[ 642 1378 1090 1014  362  273  908  710 1322 1204]
[ 988 1204 1090 1014  273  362  908  710 1322 1378]
[ 779 1014 1090 1378  710  273  362  908 1322 1204]
[ 779 1204 1090 1014  273  362  908  710 1322 1378]
[ 686 1378 1090 1014  362  273  908  710 1322 1204]
[ 807 1204 1090 1014  908 1378  362  710 1322  273]
[1331 1204 1090 1014  362  273  908  710 1322 1378]
[1273 1204 1090 1014  362  273  908  710 1322 1378]
[1273 1204 1090 1014  362  273  908  710 1322 1378]
[ 234 1014 1090 1204  362  273  908  710 1322 1378]
[ 823 1378 1090  273 1014 1204  710  908 1322  362]
[ 357 1204 1090 1014  362  710  273  908 1322 1378]
At i = 181:
[ 472 1204 1090 1378  273  908  362  710 1322 1014]
[1199 1204 1090 1378  273  362  908  710 1322 1014]
[1196 1204 1090 1378  273  362  908  710 1322 1014]
[1196 1204 1090 1014  273  362  908  710 1322 1378]
[ 821 1378 1090  273 1014 1204  908  710 1322  362]
[ 548 1204  710  908 1090  273 1014  362 1322 1378]
[1197 1204 1090 1014  273  362  908  710 1322 1378]
[ 548 1204 1090 1014  273  362  908  710 1322 1378]
[ 834 1378 1090  273 1014 1204  908  710 1322  362]
[ 834 1204 1090 1014  362  273  710  908 1322 1378]
[1197 1378 1090  362 1014 1204  908  710 1322  273]
[ 897 1204 1090 1014  362  273  908  710 1322 1378]
[ 834 1204 1090 1014  710  273  908  362 1322 1378]
[ 834 1204 1090 1378  273  362  908  710 1322 1014]
[1197 1378 1090 1014  362  273  908  710 1322 1204]
[ 834 1204 1090 1378  273  362  908  710 1322 1014]
[1093 1204 1090 1014  273  362  908  710 1322 1378]
[1093 1378 1090  273 1014 1204  908  710 1322  362]
[ 548 1204 1090 1378  362  273  908  710 1322 1014]
[1197 1204 1090 1014  362  273  710  908 1322 1378]
[1197 1378 1090  273 1014 1204  908  710 1322  362]
[1093 1204 1090 1014  273  362  710  908 1322 1378]
[1197 1204 1090  362 1014 1378  908  710 1322  273]
[ 834 1204 1090 1378  362  273  908  710 1322 1014]
[1197 1204 1090 1014  362  273  908  710 1322 1378]
[1197 1204  710  273  362 1378 1090  908 1322  710]
[1197 1204  908  273  908 1378  362 1090 1322  710]
[1197 1378 1090  362  273 1204  710  908 1322  908]
[1197 1378 1090  273  362 1204  908  710 1322  362]
[1197 1378 1090  362  273 1204  908  710 1322  908]
[1197 1378 1090  362  273 1204  908  710 1322  362]
[1197 1204 1090 1378  362  908  710  908 1322  273]
[1197 1378 1090  273  710 1204  908  362 1322  710]
[ 761 1204 1090 1014  273  362  908  710 1322 1378]
[ 330 1014 1090 1204  362  273  908  710 1322 1378]
[ 330 1204 1090 1014  362  273  908  710 1322 1378]
[ 261 1204 1090 1014  273  362  908  710 1322 1378]
[1432 1204 1090 1014  273  362  710  908 1322 1378]
[1432 1204 1090 1014  273  362  908  710 1322 1378]
[1432 1204 1090 1014  273  362  908  710 1322 1378]
[ 408 1014 1090 1204  908 1378  362  710 1322  273]
[1551 1204 1090 1378  273  362  908  710 1322 1014]
At i = 201:
[ 472 1204 1090 1378  273  908  362  710 1322 1014]
[1199 1204 1090 1014  362  273  908  710 1322 1378]
[1199 1204 1090 1378  273  362  908  710 1322 1014]
[1196 1204 1090 1378  273  362  908  710 1322 1014]
[1196 1204 1090 1014  362  273  908  710 1322 1378]
[1196 1378 1197 1014  362  273  908  710 1322 1204]
[ 548 1204 1090 1014  362  273  908  710 1322 1378]
[1196 1204 1090 1014  273  362  908  710 1322 1378]
[ 821 1378 1090  273 1014 1204  908  710 1322  362]
[ 548 1204  710  908 1090  273 1014  362 1322 1378]
[1197 1204 1090 1014  273  362  908  710 1322 1378]
[1197 1378 1090  362 1014 1204  908  710 1322  273]
[ 834 1378 1090  273 1014 1204  908  710 1322  362]
[ 834 1378 1090  273 1014 1204  908  710 1322  362]
[ 834 1204 1090 1014  273  362  908  710 1322 1378]
[1019 1378 1090  273 1014 1204  908  710 1322  362]
[1019 1204 1090  362 1014 1378  908  710 1322  273]
[ 834 1378 1090  362 1014 1204  908  710 1322  273]
[ 897 1204 1090 1378  362  273  908  710 1322 1014]
[ 897 1204 1090 1014  273  362  908  710 1322 1378]
[ 897 1204 1090 1014  273  362  908  710 1322 1378]
[ 548 1204 1090 1014  273  362  908  710 1322 1378]
[ 834 1378 1090  273 1014 1204  908  710 1322  362]
[ 834 1204 1090 1014  362  273  710  908 1322 1378]
[1197 1378 1090  362 1014 1204  908  710 1322  273]
[ 897 1204 1090 1014  362  273  908  710 1322 1378]
[ 834 1204 1090 1014  710  273  908  362 1322 1378]
[ 834 1204 1090 1378  273  362  908  710 1322 1014]
[1093 1204 1090 1378  362  273  908  710 1322 1014]
[1197 1204 1090 1378  362  273  908  710 1322 1014]
[1093 1204 1090 1378  362  273  908  710 1322 1014]
[1093 1204 1090 1378  362  273  908  710 1322 1014]
[1197 1204 1090 1378  362  273  908  710 1322 1014]
[1197 1204 1090 1378  362  273  908  710 1322 1014]
[ 834 1204 1090 1378  273  362  908  710 1322 1014]
[1197 1378 1090 1014  362  273  908  710 1322 1204]
[ 834 1204 1090 1378  273  362  908  710 1322 1014]
[1019 1204 1090 1014  273  362  908  710 1322 1378]
[ 834 1204 1090 1014  362  273  908  710 1322 1378]
[ 821 1204 1090 1014  362  273  908  710 1322 1378]
[ 548 1378 1090  273 1014 1204  908  710 1322  362]
[ 408 1204 1090 1014  273  362  908  710 1322 1378]
At i = 221:
[ 472 1204 1090 1378  273  908  362  710 1322 1014]
[1199 1204 1090 1014  362  273  908  710 1322 1378]
[1199 1204 1090 1378  273  362  908  710 1322 1014]
[1199 1204 1090 1378  273  362  908  710 1322 1014]
[1196 1204 1090 1378  273  362  908  710 1322 1014]
[1196 1204 1090 1378  273  362  908  710 1322 1014]
[1196 1204 1090 1378  273  362  908  710 1322 1014]
[1196 1204 1090 1378  273  362  908  710 1322 1014]
[1196 1204 1090 1378  273  362  908  710 1322 1014]
[1196 1204 1090 1378  273  362  908  710 1322 1014]
[1196 1204 1090 1014  273  362  908  710 1322 1378]
[ 821 1378 1090  273 1014 1204  908  710 1322  362]
[ 548 1204 1090 1014  362  273  908  710 1322 1378]
[ 821 1378 1090  273 1014 1204  908  710 1322  362]
[1196 1204 1090 1014  362  273  908  710 1322 1378]
[1196 1204 1090 1014  362  273  908  710 1322 1378]
[1196 1204 1090 1014  362  273  908  710 1322 1378]
[1196 1378 1197 1014  362  273  908  710 1322 1204]
[ 548 1204 1090 1014  362  273  908  710 1322 1378]
[1196 1204 1090 1014  273  362  908  710 1322 1378]
[ 821 1378 1090  273 1014 1204  908  710 1322  362]
[ 548 1204  710  908 1090  273 1014  362 1322 1378]
[1197 1204 1090 1014  273  362  908  710 1322 1378]
[1197 1204 1090 1014  273  362  908  710 1322 1378]
[1197 1204 1090 1014  273  362  908  710 1322 1378]
[1197 1204 1090 1014  273  362  908  710 1322 1378]
[1197 1204 1090 1014  273  362  908  710 1322 1378]
[ 821 1378 1090  362 1014 1204  908  710 1322  273]
[1196 1204 1090 1378  362  273  908  710 1322 1014]
[ 821 1378 1090 1014  362  273  908  710 1322 1204]
[ 897 1204 1090 1378  273  362  908  710 1322 1014]
[1196 1204 1090 1378  362  273  908  710 1322 1014]
[1197 1204 1090 1014  273  362  908  710 1322 1378]
[1197 1204 1090 1014  273  362  908  710 1322 1378]
[ 897 1204 1090 1014  273  362  908  710 1322 1378]
[1019 1378 1090  273 1014 1204  908  710 1322  362]
[ 548 1204 1090 1378  273  362  908  710 1322 1014]
[ 897 1204 1090 1014  362  273  908  710 1322 1378]
[1197 1204 1090 1378  362  273  908  710 1322 1014]
[1093 1204 1090 1014  273  362  908  710 1322 1378]
At i = 241:
[ 472 1204 1090 1378  273  908  362  710 1322 1014]
[ 379 1204 1090 1014  273  362  908  710 1322 1378]
[1199 1204 1090 1014  362  273  908  710 1322 1378]
[1199 1204 1090 1378  273  362  908  710 1322 1014]
[1199 1204 1090 1378  273  362  908  710 1322 1014]
[1199 1204 1090 1378  273  362  908  710 1322 1014]
[1199 1204 1090 1378  273  362  908  710 1322 1014]
[1199 1204 1090 1378  273  362  908  710 1322 1014]
[1196 1204 1090 1378  273  362  908  710 1322 1014]
[1196 1204 1090 1378  273  362  908  710 1322 1014]
[1196 1204 1090 1378  273  362  908  710 1322 1014]
[1196 1204 1090 1378  273  362  908  710 1322 1014]
[1196 1204 1090 1378  273  362  908  710 1322 1014]
[1196 1204 1090 1378  273  362  908  710 1322 1014]
[1196 1204 1090 1378  273  362  908  710 1322 1014]
[1196 1204 1090 1378  273  362  908  710 1322 1014]
[1196 1204 1090 1378  273  362  908  710 1322 1014]
[1196 1204 1090 1378  273  362  908  710 1322 1014]
[1196 1204 1090 1378  273  362  908  710 1322 1014]
[1196 1204 1090 1378  273  362  908  710 1322 1014]
[1196 1204 1090 1378  273  362  908  710 1322 1014]
[1196 1204 1090 1378  273  362  908  710 1322 1014]
[1196 1204 1090 1378  273  362  908  710 1322 1014]
[1196 1204 1090 1378  273  362  908  710 1322 1014]
[1196 1204 1090 1378  273  362  908  710 1322 1014]
[1196 1204 1090 1378  273  362  908  710 1322 1014]
[1196 1204 1090 1378  362  273  908  710 1322 1014]
[1196 1204 1090 1378  362  273  908  710 1322 1014]
[1196 1204 1090 1378  362  273  908  710 1322 1014]
[ 897 1204 1090 1014  362  273  908  710 1322 1378]
[ 834 1204 1090 1014  273  362  908  710 1322 1378]
[1093 1204 1090 1014  273  362  908  710 1322 1378]
[1019 1204 1090 1014  362  273  908  710 1322 1378]
[1019 1378 1090  362 1014 1204  908  710 1322  273]
[ 834 1204 1090 1378  362  273  908  710 1322 1014]
[1197 1204 1090 1014  362  273  908  710 1322 1378]
[1197 1204 1090 1014  362  273  908  710 1322 1378]
[ 834 1204 1090 1378  362  273  908  710 1322 1014]
[1197 1378 1090  273 1014 1204  908  710 1322  362]
[ 548 1378 1090  273 1014 1204  908  710 1322  362]
At i = 261:
[ 472 1204 1090 1378  273  908  362  710 1322 1014]
[ 379 1204 1090 1378  273  362  908  710 1322 1014]
[ 379 1204 1090 1378  362  273  908  710 1322 1014]
[ 379 1204 1090 1378  273  362  908  710 1322 1014]
[ 379 1204 1090 1014  273  362  908  710 1322 1378]
[1196 1204 1090 1378  273  362  908  710 1322 1014]
[1196 1204 1090 1378  273  362  908  710 1322 1014]
[1196 1204 1090 1378  273  362  908  710 1322 1014]
[1196 1204 1090 1378  273  362  908  710 1322 1014]
[1196 1204 1090 1378  273  362  908  710 1322 1014]
[1196 1204 1090 1378  362  273  908  710 1322 1014]
[ 897 1204 1090 1378  273  362  908  710 1322 1014]
[1196 1204 1090 1378  362  273  908  710 1322 1014]
[1196 1204 1090 1378  362  273  908  710 1322 1014]
[1196 1204 1090 1378  362  273  908  710 1322 1014]
[ 897 1204 1090 1378  362  273  908  710 1322 1014]
[ 548 1204 1090 1378  273  362  908  710 1322 1014]
[ 548 1204 1090 1014  273  362  908  710 1322 1378]
[ 897 1204 1090 1378  362  273  908  710 1322 1014]
[ 897 1204 1090 1014  362  273  908  710 1322 1378]
[ 821 1204 1090 1014  273  362  908  710 1322 1378]
[ 834 1204 1090 1378  273  362  908  710 1322 1014]
[ 821 1204 1090 1378  273  362  908  710 1322 1014]
[1197 1204 1090 1378  362  273  908  710 1322 1014]
[ 821 1204 1090 1378  273  362  908  710 1322 1014]
[1197 1204 1090 1378  362  273  908  710 1322 1014]
[ 821 1204 1090 1378  273  362  908  710 1322 1014]
[1197 1204 1090 1378  362  273  908  710 1322 1014]
[1019 1204 1090 1014  362  273  908  710 1322 1378]
[1019 1204 1090 1014  273  362  908  710 1322 1378]
[1019 1204 1090 1014  273  362  908  710 1322 1378]
[1197 1204 1090 1378  273  362  908  710 1322 1014]
[1197 1204 1090 1378  273  362  908  710 1322 1014]
[1093 1204 1090 1378  273  362  908  710 1322 1014]
[1019 1204 1090 1378  273  362  908  710 1322 1014]
[ 821 1204 1090 1378  362  273  908  710 1322 1014]
[1197 1204 1090 1014  362  273  908  710 1322 1378]
[ 834 1204 1090 1378  362  273  908  710 1322 1014]
[ 834 1204 1090 1378  362  273  908  710 1322 1014]
[1019 1204 1090 1378  362  273  908  710 1322 1014]
[1019 1204 1090 1378  362  273  908  710 1322 1014]
[1019 1204 1090 1378  362  273  908  710 1322 1014]
At i = 281:
[ 472 1204 1090 1378  273  908  362  710 1322 1014]
[ 379 1204 1090 1378  273  362  908  710 1322 1014]
[ 379 1204 1090 1378  362  273  908  710 1322 1014]
[ 379 1204 1090 1378  273  362  908  710 1322 1014]
[ 379 1204 1090 1378  362  273  908  710 1322 1014]
[ 379 1204 1090 1378  362  273  908  710 1322 1014]
[ 379 1204 1090 1378  273  362  908  710 1322 1014]
[ 379 1204 1090 1378  362  273  908  710 1322 1014]
[ 379 1204 1090 1378  273  362  908  710 1322 1014]
[ 379 1204 1090 1014  273  362  908  710 1322 1378]
[ 379 1204 1090 1014  273  362  908  710 1322 1378]
[1196 1204 1090 1378  273  362  908  710 1322 1014]
[1196 1204 1090 1378  273  362  908  710 1322 1014]
[1196 1204 1090 1014  362  273  908  710 1322 1378]
[1196 1204 1090 1014  362  273  908  710 1322 1378]
[1196 1204 1090 1014  362  273  908  710 1322 1378]
[1196 1204 1090 1378  362  273  908  710 1322 1014]
[ 897 1204 1090 1378  273  362  908  710 1322 1014]
[1196 1204 1090 1378  362  273  908  710 1322 1014]
[1197 1204 1090 1014  273  362  908  710 1322 1378]
[ 548 1204 1090 1014  273  362  908  710 1322 1378]
[ 897 1204 1090 1378  362  273  908  710 1322 1014]
[ 897 1204 1090 1014  273  362  908  710 1322 1378]
[ 834 1204 1090 1014  273  362  908  710 1322 1378]
[ 548 1204 1090 1378  273  362  908  710 1322 1014]
[ 548 1204 1090 1378  273  362  908  710 1322 1014]
[ 897 1204 1090 1014  362  273  908  710 1322 1378]
[ 897 1204 1090 1014  273  362  908  710 1322 1378]
[1197 1204 1090 1378  362  273  908  710 1322 1014]
[1093 1204 1090 1378  362  273  908  710 1322 1014]
[ 821 1204 1090 1378  273  362  908  710 1322 1014]
[1093 1204 1090 1378  362  273  908  710 1322 1014]
[ 834 1204 1090 1378  273  362  908  710 1322 1014]
[ 548 1204 1090 1378  362  273  908  710 1322 1014]
[1019 1204 1090 1014  362  273  908  710 1322 1378]
[ 548 1204 1090 1378  362  273  908  710 1322 1014]
[1019 1204 1090 1014  273  362  908  710 1322 1378]
[1197 1204 1090 1378  273  362  908  710 1322 1014]
[ 548 1204 1090 1378  362  273  908  710 1322 1014]
[1197 1204 1090 1378  273  362  908  710 1322 1014]
[ 548 1204 1090 1378  362  273  908  710 1322 1014]
[1093 1204 1090 1014  362  273  908  710 1322 1378]
[1019 1204 1090 1378  273  362  908  710 1322 1014]
[ 548 1204 1090 1378  362  273  908  710 1322 1014]
[1019 1204 1090 1378  273  362  908  710 1322 1014]
[ 548 1204 1090 1378  362  273  908  710 1322 1014]
[1019 1204 1090 1014  273  362  908  710 1322 1378]
[1093 1204 1090 1378  273  362  908  710 1322 1014]
[1019 1204 1090 1378  362  273  908  710 1322 1014]
[1019 1204 1090 1378  362  273  908  710 1322 1014]
[1019 1204 1090 1378  362  273  908  710 1322 1014]
At i = 301:
[ 472 1204 1090 1378  273  908  362  710 1322 1014]
[ 379 1204 1090 1014  362  273  908  710 1322 1378]
[ 379 1204 1090 1378  273  362  908  710 1322 1014]
[ 379 1204 1090 1014  362  273  908  710 1322 1378]
[ 379 1204 1090 1378  362  273  908  710 1322 1014]
[ 379 1204 1090 1014  362  273  908  710 1322 1378]
[ 379 1204 1090 1014  362  273  908  710 1322 1378]
[ 379 1204 1090 1014  362  273  908  710 1322 1378]
[ 379 1204 1090 1378  273  362  908  710 1322 1014]
[ 379 1204 1090 1014  362  273  908  710 1322 1378]
[ 379 1204 1090 1378  362  273  908  710 1322 1014]
[ 379 1204 1090 1014  362  273  908  710 1322 1378]
[ 379 1204 1090 1014  362  273  908  710 1322 1378]
[ 379 1204 1090 1378  273  908  362  710 1322 1014]
[ 379 1204 1090 1014  362  273  908  710 1322 1378]
[ 379 1204 1090 1378  273  362  908  710 1322 1014]
[ 379 1204 1090 1378  362  273  908  710 1322 1014]
[ 379 1204 1090 1378  273  362  908  710 1322 1014]
[ 379 1204 1090 1378  362  273  908  710 1322 1014]
[ 379 1204 1090 1378  362  273  908  710 1322 1014]
[ 379 1204 1090 1378  273  362  908  710 1322 1014]
[ 379 1204 1090 1378  362  273  908  710 1322 1014]
[ 379 1204 1090 1378  273  362  908  710 1322 1014]
[ 379 1204 1090 1014  273  362  908  710 1322 1378]
[ 379 1204 1090 1014  273  362  908  710 1322 1378]
[ 379 1204 1090 1014  273  362  908  710 1322 1378]
[ 379 1204 1090 1014  273  362  908  710 1322 1378]
[ 379 1204 1090 1014  273  362  908  710 1322 1378]
[1197 1204 1090  273  379 1378  908  710 1322  362]
[ 821 1204 1090  273  379 1378  908  710 1322  362]
[1196 1204 1090 1014  362  273  908  710 1322 1378]
[ 548 1204 1090 1014  362  273  908  710 1322 1378]
[1196 1204 1090 1014  273  362  908  710 1322 1378]
[1197 1204 1090 1014  273  362  908  710 1322 1378]
[1197 1204 1090 1014  273  362  908  710 1322 1378]
[1197 1204 1090 1014  273  362  908  710 1322 1378]
[1197 1204 1090 1014  273  362  908  710 1322 1378]
[1197 1204 1090 1014  273  362  908  710 1322 1378]
[1197 1204 1090 1014  273  362  908  710 1322 1378]
[ 897 1204 1090 1014  362  273  908  710 1322 1378]
[ 897 1204 1090 1014  273  362  908  710 1322 1378]
[ 897 1204 1090 1014  362  273  908  710 1322 1378]
[ 548 1204 1090 1014  273  362  908  710 1322 1378]
[ 897 1204 1090 1014  362  273  908  710 1322 1378]
[ 897 1204 1090 1014  273  362  908  710 1322 1378]
[ 897 1204 1090 1014  362  273  908  710 1322 1378]
[1093 1204 1090 1014  273  362  908  710 1322 1378]
[ 821 1204 1090 1014  273  362  908  710 1322 1378]
[ 821 1204 1090 1014  273  362  908  710 1322 1378]
[1019 1204 1090 1014  273  362  908  710 1322 1378]
[1019 1204 1090 1014  273  362  908  710 1322 1378]
[1019 1204 1090 1014  273  362  908  710 1322 1378]
[1019 1204 1090 1014  273  362  908  710 1322 1378]
[1093 1204 1090 1014  362  273  908  710 1322 1378]
[1093 1204 1090 1014  362  273  908  710 1322 1378]
[1019 1204 1090 1014  362  273  908  710 1322 1378]
[1019 1204 1090 1014  362  273  908  710 1322 1378]
[1093 1204 1090 1014  362  273  908  710 1322 1378]
[1019 1204 1090 1014  362  273  908  710 1322 1378]
[ 834 1204 1090 1014  362  273  908  710 1322 1378]
[1019 1204 1090 1014  362  273  908  710 1322 1378]
[1019 1204 1090 1014  273  362  908  710 1322 1378]
[1197 1204 1090 1014  362  273  908  710 1322 1378]
[1197 1204 1090 1014  362  273  908  710 1322 1378]
[1197 1204 1090 1014  362  273  908  710 1322 1378]
[ 821 1204 1090 1014  362  273  908  710 1322 1378]
[ 821 1204 1090 1378  362  273  908  710 1322 1014]
[ 821 1204 1090 1378  362  273  908  710 1322 1014]
[1197 1204 1090 1014  362  273  908  710 1322 1378]
[ 821 1204 1090 1014  362  273  908  710 1322 1378]
