At i = 1:
0.9902517282799042
0.9868747020550136
0.982237285311527
0.9816895441912797
0.978102272959461
0.9719594519884891
0.9688008557937852
0.9676292920778984
0.9660822141742177
0.9636033375645036
0.962322119100198
0.9610692489172952
0.9578306095677013
0.9567627201214871
0.9566513120844333
0.9560222307849789
0.9556895487852505
0.952731077148675
0.9527011641714911
0.9526854557210793
0.9508398078699883
0.9498592841508594
0.949789682835637
0.9467610157571229
0.9463269844116985
0.9460636758488513
0.9458257532462758
0.9452235846830941
0.9438871571565914
0.9412424934178807
0.940364171684816
0.9397226438547291
0.9394977725542354
0.9392657847377528
0.938299182758217
0.9371452271387157
0.9360370480522243
0.9347974066195651
0.9347088585218718
0.9343301123788463
0.9339088731725583
0.9335646812351449
At i = 21:
0.9964761008701968
0.9954502361975882
0.9954257715083361
0.9951932347143699
0.9950269202684264
0.9948520831020767
0.9945961323023098
0.9940292450336882
0.9938431412233255
0.9938001537394996
0.99324258789047
0.9928015266446298
0.9923045418607429
0.9922938198572723
0.9920341439441953
0.9915596277228429
0.9912423266363168
0.9909931185063563
0.9908781186963985
0.9907218849484871
0.9906882790441561
0.9906583644591086
0.9905394478672839
0.9905270332914665
0.9904901682949477
0.9903114217608754
0.9902913597013691
0.9902696760932024
0.9902517282799042
0.990068604855824
0.9896062981067277
0.9894886424248663
0.9894633973323168
0.9890468812884612
0.9890063998228438
0.988585306052076
0.988454564071349
0.9883668341276437
0.9882778490324435
0.9882332609237999
0.9880775384522579
0.9878327078963995
At i = 41:
0.9993162809008803
0.9970120466495835
0.9966494999992338
0.9965323561203797
0.9964761008701968
0.9963020187911936
0.9960331165371271
0.9959752329217947
0.9959495590618894
0.9958705181893179
0.9954502361975882
0.9954257715083361
0.9952094795605065
0.9951932347143699
0.9951029804493702
0.9950269202684264
0.9949357684175252
0.9948520831020767
0.9947761638688349
0.9945961323023098
0.9945571560768189
0.9945455789847694
0.9944976420039351
0.9944856522517923
0.9943493144795867
0.9942335129492184
0.9941648713222078
0.9940529268330291
0.9940417409502337
0.9940292450336882
0.9938474840666611
0.9938431412233255
0.9938357724763663
0.993823702820607
0.9938001537394996
0.993715148857875
0.993669564813909
0.993588171075393
0.9935555476198534
0.9934704510946799
0.9933826793398689
0.9933508049731383
At i = 61:
0.9993162809008803
0.9984373011568715
0.9981871556956328
0.9980406780297938
0.9980253859905057
0.9974845190759295
0.9972938520693498
0.9972788872430135
0.997262679562891
0.9972414869294801
0.9972252108906453
0.9972251758635265
0.9970120466495835
0.9969087119027366
0.9967500698044521
0.9966770105989408
0.9966494999992338
0.9966275007305904
0.9965437751469862
0.9965323561203797
0.9965047230515419
0.9964761008701968
0.9964520257207629
0.9963607353568762
0.9963425405427084
0.9963234149133107
0.9963020187911936
0.9962993558821733
0.9962937287400836
0.9962922686616712
0.9962276092191836
0.996214694648624
0.996189089415691
0.9961823135089585
0.9961823103165608
0.9961811348898733
0.9961679075020883
0.9961633826654485
0.996128392806952
0.9961283928069516
0.9960643116146627
0.996038863399768
At i = 81:
0.999799267011494
0.9993162809008803
0.9991921190980834
0.9990097808412283
0.9990040031831124
0.9984373011568715
0.9982877961363608
0.9981871556956328
0.9981757052018001
0.9981733199622677
0.9981410816323142
0.9980888064207478
0.9980406780297938
0.9980253859905057
0.9980193167440011
0.99789073245677
0.9976190435351441
0.9975817566235277
0.9975616832925153
0.9975561791378319
0.99751219730297
0.9974866341161975
0.9974845190759295
0.9974742584341109
0.997427320224654
0.9974094465785959
0.997350951621466
0.9973383901866368
0.9973202345544909
0.9973202345544907
0.9973110838990683
0.9972938520693498
0.9972827186739863
0.9972788872430135
0.9972671450283248
0.997262679562891
0.997262679562891
0.9972471078360661
0.9972449476700596
0.9972414869294801
0.9972252108906453
0.9972251758635265
At i = 101:
0.999799267011494
0.9997992670114935
0.9993307355315295
0.9993162809008803
0.999280494970507
0.9991921190980834
0.9990254708148155
0.9990097808412283
0.9990040031831129
0.9990040031831128
0.9990040031831128
0.9990040031831128
0.9990040031831126
0.9990040031831124
0.9990040031831124
0.9987030667480814
0.9986309446015215
0.9985519921612016
0.9984388959893503
0.9984373011568715
0.9983505278334097
0.9982877961363608
0.9982606803306077
0.998255844997579
0.9982516680711514
0.9982421253169433
0.9982126177639744
0.9981871556956328
0.9981757052018001
0.9981757052017999
0.9981733199622677
0.9981733199622677
0.9981410816323143
0.9981410816323142
0.9980888064207478
0.9980888064207476
0.9980406780297939
0.9980406780297938
0.9980253859905057
0.9980193167440011
0.9980193167440011
0.9980192673321383
At i = 121:
0.9997992670114941
0.999799267011494
0.9997992670114935
0.9996498422154964
0.9996480516927104
0.9993730382232876
0.9993307355315295
0.9993162809008803
0.999315497686226
0.999280494970507
0.9991921190980834
0.9991382569404474
0.9990853048171316
0.9990791734966655
0.9990674808400029
0.9990356997277388
0.9990254708148155
0.9990204075347797
0.9990164168169469
0.9990117199991047
0.999010186506703
0.9990097808412283
0.9990050989829212
0.9990040031831131
0.9990040031831129
0.9990040031831128
0.9990040031831128
0.9990040031831128
0.9990040031831126
0.9990040031831126
0.9990040031831124
0.9990040031831124
0.9987030667480814
0.9986309446015215
0.9986309446015215
0.9985519921612016
0.9984388959893503
0.9984373011568715
0.9983505278334097
0.9982877961363608
0.9982847558258716
0.998260881407747
At i = 141:
0.9998012148699154
0.9998012148699151
0.9998012148699148
0.9998012148699146
0.9998012148699145
0.9997992670114941
0.999799267011494
0.9997992670114937
0.9997992670114936
0.9997992670114935
0.9996498422154964
0.9996480516927104
0.999568708143106
0.9995403604424866
0.9995403604424865
0.9995093567880062
0.9995093567880061
0.9994042875014715
0.999402470313756
0.9993738989962714
0.9993730382232876
0.9993712697993985
0.999339860502432
0.9993314934056059
0.9993314934056059
0.9993314934056057
0.9993314934056057
0.9993307355315295
0.9993267631466296
0.9993167750215118
0.9993162809008803
0.999315497686226
0.999312284693158
0.9993095495683226
0.9993037948556961
0.9992941143666125
0.99929161888286
0.9992888368986013
0.9992871561767481
0.999280494970507
0.999280494970507
0.9992600855352006
At i = 161:
0.9999941878755113
0.9998012148699154
0.9998012148699151
0.9998012148699148
0.9998012148699148
0.9998012148699147
0.9998012148699147
0.9998012148699146
0.9998012148699145
0.9997992670114941
0.999799267011494
0.9997992670114938
0.9997992670114938
0.9997992670114937
0.9997992670114937
0.9997992670114936
0.9997992670114935
0.9997851172413179
0.9997626053201829
0.9996821769609475
0.9996498422154964
0.9996480516927104
0.9996480516927104
0.9996153900298569
0.9995794743768052
0.9995794743768052
0.9995709545634736
0.999568708143106
0.9995615011121799
0.999560803509267
0.9995510222389223
0.9995487340302045
0.9995403604424866
0.9995403604424865
0.9995401582768773
0.9995244001048053
0.9995093567880062
0.9995093567880061
0.9995093567880061
0.999509356788006
0.9995037446444686
0.9994981228983001
At i = 181:
0.9999941878755113
0.9998012148699154
0.9998012148699152
0.9998012148699151
0.9998012148699151
0.9998012148699151
0.9998012148699149
0.9998012148699148
0.9998012148699148
0.9998012148699148
0.9998012148699148
0.9998012148699148
0.9998012148699148
0.9998012148699147
0.9998012148699147
0.9998012148699147
0.9998012148699147
0.9998012148699146
0.9998012148699146
0.9998012148699146
0.9998012148699145
0.9998012148699145
0.9998012148699145
0.9998012148699145
0.9998012148699145
0.9997992670114941
0.999799267011494
0.9997992670114938
0.9997992670114938
0.9997992670114937
0.9997992670114937
0.9997992670114936
0.9997992670114935
0.9997851172413179
0.9997746561745593
0.9997746561745592
0.9997636560416485
0.9997626053201829
0.9997626053201828
0.9997626053201828
0.9996821769609475
0.9996498422154967
At i = 201:
0.9999941878755113
0.9998012148699156
0.9998012148699154
0.9998012148699152
0.9998012148699151
0.9998012148699151
0.9998012148699151
0.9998012148699151
0.9998012148699151
0.9998012148699151
0.9998012148699149
0.9998012148699148
0.9998012148699148
0.9998012148699148
0.9998012148699148
0.9998012148699148
0.9998012148699148
0.9998012148699148
0.9998012148699148
0.9998012148699148
0.9998012148699148
0.9998012148699148
0.9998012148699148
0.9998012148699148
0.9998012148699148
0.9998012148699148
0.9998012148699148
0.9998012148699147
0.9998012148699147
0.9998012148699147
0.9998012148699147
0.9998012148699147
0.9998012148699147
0.9998012148699147
0.9998012148699147
0.9998012148699147
0.9998012148699147
0.9998012148699146
0.9998012148699146
0.9998012148699145
0.9998012148699144
0.9996821769609479
At i = 221:
0.9999941878755113
0.9998012148699156
0.9998012148699154
0.9998012148699154
0.9998012148699152
0.9998012148699152
0.9998012148699152
0.9998012148699152
0.9998012148699152
0.9998012148699152
0.9998012148699151
0.9998012148699151
0.9998012148699151
0.9998012148699151
0.9998012148699151
0.9998012148699151
0.9998012148699151
0.9998012148699151
0.9998012148699151
0.9998012148699151
0.9998012148699151
0.9998012148699151
0.9998012148699149
0.9998012148699149
0.9998012148699149
0.9998012148699149
0.9998012148699149
0.9998012148699149
0.9998012148699149
0.9998012148699149
0.9998012148699149
0.9998012148699149
0.9998012148699149
0.9998012148699149
0.9998012148699148
0.9998012148699148
0.9998012148699148
0.9998012148699148
0.9998012148699147
0.9998012148699147
At i = 241:
0.9999941878755113
0.999994187875511
0.9998012148699156
0.9998012148699154
0.9998012148699154
0.9998012148699154
0.9998012148699154
0.9998012148699154
0.9998012148699152
0.9998012148699152
0.9998012148699152
0.9998012148699152
0.9998012148699152
0.9998012148699152
0.9998012148699152
0.9998012148699152
0.9998012148699152
0.9998012148699152
0.9998012148699152
0.9998012148699152
0.9998012148699152
0.9998012148699152
0.9998012148699152
0.9998012148699152
0.9998012148699152
0.9998012148699152
0.9998012148699149
0.9998012148699149
0.9998012148699149
0.9998012148699148
0.9998012148699148
0.9998012148699147
0.9998012148699146
0.9998012148699146
0.9998012148699145
0.9998012148699145
0.9998012148699145
0.9998012148699145
0.9998012148699145
0.9998012148699144
At i = 261:
0.9999941878755113
0.9999941878755112
0.9999941878755112
0.9999941878755112
0.999994187875511
0.9998012148699152
0.9998012148699152
0.9998012148699152
0.9998012148699152
0.9998012148699152
0.9998012148699149
0.9998012148699149
0.9998012148699149
0.9998012148699149
0.9998012148699149
0.9998012148699148
0.9998012148699148
0.9998012148699148
0.9998012148699148
0.9998012148699148
0.9998012148699147
0.9998012148699147
0.9998012148699147
0.9998012148699147
0.9998012148699147
0.9998012148699147
0.9998012148699147
0.9998012148699147
0.9998012148699146
0.9998012148699146
0.9998012148699146
0.9998012148699146
0.9998012148699146
0.9998012148699146
0.9998012148699146
0.9998012148699145
0.9998012148699145
0.9998012148699145
0.9998012148699145
0.9998012148699145
0.9998012148699145
0.9998012148699145
At i = 281:
0.9999941878755113
0.9999941878755112
0.9999941878755112
0.9999941878755112
0.9999941878755112
0.9999941878755112
0.9999941878755112
0.9999941878755112
0.9999941878755112
0.999994187875511
0.999994187875511
0.9998012148699152
0.9998012148699152
0.9998012148699151
0.9998012148699151
0.9998012148699151
0.9998012148699149
0.9998012148699149
0.9998012148699149
0.9998012148699149
0.9998012148699148
0.9998012148699148
0.9998012148699148
0.9998012148699148
0.9998012148699148
0.9998012148699148
0.9998012148699148
0.9998012148699148
0.9998012148699147
0.9998012148699147
0.9998012148699147
0.9998012148699147
0.9998012148699147
0.9998012148699146
0.9998012148699146
0.9998012148699146
0.9998012148699146
0.9998012148699146
0.9998012148699146
0.9998012148699146
0.9998012148699146
0.9998012148699146
0.9998012148699146
0.9998012148699146
0.9998012148699146
0.9998012148699146
0.9998012148699146
0.9998012148699146
0.9998012148699145
0.9998012148699145
0.9998012148699145
At i = 301:
0.9999941878755113
0.9999941878755112
0.9999941878755112
0.9999941878755112
0.9999941878755112
0.9999941878755112
0.9999941878755112
0.9999941878755112
0.9999941878755112
0.9999941878755112
0.9999941878755112
0.9999941878755112
0.9999941878755112
0.9999941878755112
0.9999941878755112
0.9999941878755112
0.9999941878755112
0.9999941878755112
0.9999941878755112
0.9999941878755112
0.9999941878755112
0.9999941878755112
0.9999941878755112
0.999994187875511
0.999994187875511
0.999994187875511
0.999994187875511
0.999994187875511
0.9998249304961254
0.9998013227401703
0.9998012148699151
0.9998012148699151
0.9998012148699151
0.9998012148699149
0.9998012148699149
0.9998012148699149
0.9998012148699149
0.9998012148699149
0.9998012148699149
0.9998012148699148
0.9998012148699148
0.9998012148699148
0.9998012148699148
0.9998012148699148
0.9998012148699148
0.9998012148699148
0.9998012148699147
0.9998012148699147
0.9998012148699147
0.9998012148699146
0.9998012148699146
0.9998012148699146
0.9998012148699146
0.9998012148699146
0.9998012148699146
0.9998012148699146
0.9998012148699146
0.9998012148699146
0.9998012148699146
0.9998012148699146
0.9998012148699146
0.9998012148699146
0.9998012148699145
0.9998012148699145
0.9998012148699145
0.9998012148699145
0.9998012148699145
0.9998012148699145
0.9998012148699145
0.9998012148699145
