At i = 1:
[ 248  264    4  683 1901  994]
[ 399 1615  466 1956 1778  791]
[ 180  401 1956 1211 1901  338]
[ 250  994 1637 1956 1778 1778]
[ 299  466 1856 1211 1956 1956]
[1193  705  323 1111 1657 1333]
[ 586 1211  466 1956 1778 1778]
[ 274  671  466 1956 1637 1778]
[ 196  533  683 1956 1778 1778]
[  34  504 1976 1211 1901 1956]
[ 162  488 1956 1644 1901  338]
[1854  705  323  323  323  323]
[ 158   89  306 1111 1778  994]
[ 728  947 1765 1901 1956 1778]
[ 454 1211  466 1956 1778 1778]
[  21  328 1538 1211 1901 1956]
[ 141  994 1637 1956 1901 1778]
[ 151 1791 1637 1956 1901  338]
[ 326 1579 1637 1956  338  338]
[ 959  705  466  683  501 1901]
[ 500 1637  466 1956  454  728]
[  66  249 1637 1211 1901 1956]
[ 235 1430  466 1956 1778  791]
[ 867  324  466  466 1657  454]
[  43  196 1344 1211 1901 1778]
[ 106 2015 1637 1956 1901  338]
[ 351 1650  466 1956 1778  728]
[ 973 1637  466  683 1901  454]
[1565  705  323  466  454  454]
[1435  705  323  466  454  454]
[ 775  705  323 1956 1778  721]
At i = 21:
[ 157    5  697  638 1201  994]
[ 512 1652  466 1956 1778  728]
[  10  353 1333 1211  338 1956]
[  10 1017 1538 1211 1956  338]
[ 667 1615  501 1956  994  728]
[ 124 1860 1637 1211 1956  338]
[ 110 1437 1637 1211 1956  338]
[ 645 1615  466 1956  728  338]
[ 470 1615  466 1956  791  728]
[1854  705 1637  466  501 1901]
[ 409  782  683  501 1901  466]
[ 448  848  466 1956 1778  994]
[ 222  671 1956 1211 1901  338]
[ 536  275 1998 1211 1956  338]
[ 420 1172  466 1956  728 1778]
[  88  473 1637 1211 1901  338]
[ 470 1615  466 1956  728  338]
[ 694 1615  466 1956  994  728]
[ 592 1211  466 1956 1778  338]
[1023 1615  466 1956  728  728]
[ 995 1615  466 1956  728  994]
[ 215  865 1637 1211 1956  338]
[ 248  264    4  683 1901  994]
[ 141 1294 1956 1211 1956  338]
[ 242  849 1956 1211 1901  338]
[  73  615 1956 1211 1901  338]
[1035 1615  466 1956 1778  728]
[ 141 1999 1956 1211 1956  338]
[ 152  791 1956 1211 1901  338]
[ 698 1615  466 1956  791  728]
[ 459 1538  466 1956  728  791]
At i = 41:
[ 123 1714 1956 1211 1956  338]
[   3  160 1201 1211 1778  994]
[ 899 1615  466 1956  728  994]
[ 899 1615  466 1956  728  994]
[ 899 1615  466 1956  994  728]
[ 899 1615  466 1956  994  728]
[ 899 1615  466 1956  994  728]
[ 420 1615  466 1956  994  728]
[ 512 1615  466 1956  994  728]
[1040 1615  466 1956  994  728]
[ 983 1615  466 1956  994  728]
[ 983 1615  466 1956  994  728]
[ 983 1615  466 1956  994  728]
[ 983 1615  466 1956  994  728]
[ 983 1615  466 1956  994  728]
[ 983 1615  466 1956  994  728]
[ 698 1615  466 1956  994  728]
[ 698 1615  466 1956  994  728]
[ 698 1615  466 1956  994  728]
[ 698 1615  466 1956  994  728]
[ 698 1615  466 1956  994  728]
[ 899 1866  466 1956  994  728]
[  69  249 1956 1211 1901  338]
[1282 1615  466  994  501 1901]
[1558 1615  994  466  501 1901]
[  23 1910 1956 1211 1956  338]
[ 470 1615  466 1956  994  728]
[ 157    5  697  638 1201  994]
[ 667 1615  466 1956  994  728]
[ 488  980 1956 1211 1901  338]
[ 512 1652  466 1956 1778  728]
At i = 61:
[ 123 1714 1956 1211 1956  338]
[ 326 1615  466 1956  994  728]
[1843 1615  466  994  501  728]
[   3  160 1201 1211 1778  994]
[ 899 1615  466 1956  728  994]
[ 899 1615  466 1956  728  994]
[ 899 1615  466 1956  994  728]
[ 899 1615  466 1956  994  728]
[ 899 1615  466 1956  994  728]
[ 899 1615  466 1956  994  728]
[ 899 1615  466 1956  994  728]
[ 899 1615  466 1956  994  728]
[ 899 1615  466 1956  994  728]
[ 420 1615  466 1956  994  728]
[ 420 1615  466 1956  994  728]
[ 420 1615  466 1956  994  728]
[1753 1615  466  994  501  454]
[1753 1615  466  994  501  454]
[1753 1615  466  994  501  454]
[1753 1615  466  994  501  454]
[1753 1615  466  994  501  454]
[ 512 1615  466 1956  994  728]
[ 512 1615  466 1956  994  728]
[ 512 1615  466 1956  994  728]
[ 512 1615  466 1956  994  728]
[ 512 1615  466 1956  994  728]
[ 512 1615  466 1956  994  728]
[ 512 1615  466 1956  994  728]
[ 512 1615  466 1956  994  728]
[1040 1615  466 1956  994  728]
At i = 81:
[ 123 1714 1956 1211 1956  338]
[ 326 1615  466 1956  994  728]
[ 326 1615  466 1956  994  728]
[ 326 1615  466 1956  994  728]
[ 326 1615  466 1956  994  728]
[ 326 1615  466 1956  994  728]
[1843 1615  466  994  501  728]
[1843 1615  466  994  501  728]
[1843 1615  466  994  501  728]
[1843 1615  466  994  501  728]
[1843 1615  466  994 1901  728]
[   3  160 1201 1211 1778  994]
[ 899 1615  466 1956  728  994]
[ 899 1615  466 1956  728  994]
[ 899 1615  466 1956  994  728]
[ 899 1615  466 1956  994  728]
[ 899 1615  466 1956  994  728]
[ 899 1615  466 1956  994  728]
[ 899 1615  466 1956  994  728]
[ 899 1615  466 1956  994  728]
[ 899 1615  466 1956  994  728]
[ 899 1615  466 1956  994  728]
[ 899 1615  466 1956  994  728]
[ 899 1615  466 1956  994  728]
[ 899 1615  466 1956  994  728]
[ 899 1615  466 1956  994  728]
[ 899 1615  466 1956  994  728]
[ 899 1615  466 1956  994  728]
[ 899 1615  466 1956  994  728]
[ 899 1615  466 1956  994  728]
At i = 101:
[ 123 1714 1956 1211 1956  338]
[ 326 1615  466 1956  994  728]
[ 326 1615  466 1956  994  728]
[ 326 1615  466 1956  994  728]
[ 326 1615  466 1956  994  728]
[ 326 1615  466 1956  994  728]
[ 326 1615  466 1956  994  728]
[ 326 1615  466 1956  994  728]
[ 326 1615  466 1956  994  728]
[ 326 1615  466 1956  994  728]
[1843 1615  466  994  501  728]
[1843 1615  466  994  501  728]
[1843 1615  466  994  501  728]
[1843 1615  466  994  501  728]
[1843 1615  466  994  501  728]
[1843 1615  466  994  501  728]
[1843 1615  466  994  501  728]
[1843 1615  466  994  501  728]
[1843 1615  466  994  501  728]
[1843 1615  466  994  501  728]
[1843 1615  466  994  501  728]
[1843 1615  466  994 1901  728]
[   3  160 1201 1211 1778  994]
[ 899 1615  466 1956  728  994]
[ 899 1615  466 1956  728  994]
[ 899 1615  466 1956  994  728]
[ 899 1615  466 1956  994  728]
[ 899 1615  466 1956  994  728]
[ 899 1615  466 1956  994  728]
[ 899 1615  466 1956  994  728]
At i = 121:
[ 123 1714 1956 1211 1956  338]
[ 144 1953  466 1956  994  728]
[  59  973  466 1211  338  994]
[ 326 1615  466 1956  994  728]
[ 326 1615  466 1956  994  728]
[ 326 1615  466 1956  994  728]
[ 326 1615  466 1956  994  728]
[ 326 1615  466 1956  994  728]
[ 326 1615  466 1956  994  728]
[ 326 1615  466 1956  994  728]
[ 326 1615  466 1956  994  728]
[ 326 1615  466 1956  994  728]
[ 326 1615  466 1956  994  728]
[ 326 1615  466 1956  994  728]
[ 326 1615  466 1956  994  728]
[ 326 1615  466 1956  994  728]
[1843 1615  466  994  501  728]
[1843 1615  466  994  501  728]
[1843 1615  466  994  501  728]
[1843 1615  466  994  501  728]
[1843 1615  466  994  501  728]
[1843 1615  466  994  501  728]
[1843 1615  466  994  501  728]
[1843 1615  466  994  501  728]
[1843 1615  466  994  501  728]
[1843 1615  466  994  501  728]
[1843 1615  466  994  501  728]
[1843 1615  466  994  501  728]
[1843 1615  466  994  501  728]
[1843 1615  466  994  501  728]
[1843 1615  466  994  501  728]
At i = 141:
[ 123 1714 1956 1211 1956  338]
[ 144 1953  466 1956  994  728]
[  59  973  466 1211  338  994]
[ 326 1615  466 1956  994  728]
[ 326 1615  466 1956  994  728]
[ 326 1615  466 1956  994  728]
[ 326 1615  466 1956  994  728]
[ 326 1615  466 1956  994  728]
[ 326 1615  466 1956  994  728]
[ 326 1615  466 1956  994  728]
[ 326 1615  466 1956  994  728]
[ 326 1615  466 1956  994  728]
[ 326 1615  466 1956  994  728]
[ 326 1615  466 1956  994  728]
[ 326 1615  466 1956  994  728]
[ 326 1615  466 1956  994  728]
[ 326 1615  466 1956  994  728]
[ 326 1615  466 1956  994  728]
[ 326 1615  466 1956  994  728]
[ 326 1615  466 1956  994  728]
[1843 1615  466  994  501  728]
[1843 1615  466  994  501  728]
[1843 1615  466  994  501  728]
[1843 1615  466  994  501  728]
[1843 1615  466  994  501  728]
[1843 1615  466  994  501  728]
[1843 1615  466  994  501  728]
[1843 1615  466  994  501  728]
[1843 1615  466  994  501  728]
[1843 1615  466  994  501  728]
[1843 1615  466  994  501  728]
At i = 161:
[ 123 1714 1956 1211 1956  338]
[ 144 1953  466 1956  994  728]
[  59  973  466 1211  338  994]
[ 223 1811  466 1956  994  728]
[ 326 1615  466 1956  994  728]
[ 326 1615  466 1956  994  728]
[ 326 1615  466 1956  994  728]
[ 326 1615  466 1956  994  728]
[ 326 1615  466 1956  994  728]
[ 326 1615  466 1956  994  728]
[ 326 1615  466 1956  994  728]
[ 326 1615  466 1956  994  728]
[ 326 1615  466 1956  994  728]
[ 326 1615  466 1956  994  728]
[ 326 1615  466 1956  994  728]
[ 326 1615  466 1956  994  728]
[ 326 1615  466 1956  994  728]
[ 326 1615  466 1956  994  728]
[ 326 1615  466 1956  994  728]
[ 326 1615  466 1956  994  728]
[ 326 1615  466 1956  994  728]
[ 326 1615  466 1956  994  728]
[ 326 1615  466 1956  994  728]
[ 326 1615  466 1956  994  728]
[ 326 1615  466 1956  994  728]
[ 326 1615  466 1956  994  728]
[ 326 1615  466 1956  994  728]
[ 326 1615  466 1956  994  728]
[ 326 1615  466 1956  994  728]
[ 326 1615  466 1956  994  728]
At i = 181:
[ 123 1714 1956 1211 1956  338]
[ 144 1953  466 1956  994  728]
[ 305 1953  466 1956  994  728]
[  59  973  466 1211  338  994]
[ 223 1811  466 1956  994  728]
[ 326 1615  466 1956  994  728]
[ 326 1615  466 1956  994  728]
[ 326 1615  466 1956  994  728]
[ 326 1615  466 1956  994  728]
[ 326 1615  466 1956  994  728]
[ 326 1615  466 1956  994  728]
[ 326 1615  466 1956  994  728]
[ 326 1615  466 1956  994  728]
[ 326 1615  466 1956  994  728]
[ 326 1615  466 1956  994  728]
[ 326 1615  466 1956  994  728]
[ 326 1615  466 1956  994  728]
[ 326 1615  466 1956  994  728]
[ 326 1615  466 1956  994  728]
[ 326 1615  466 1956  994  728]
[ 326 1615  466 1956  994  728]
[ 326 1615  466 1956  994  728]
[ 326 1615  466 1956  994  728]
[ 326 1615  466 1956  994  728]
[ 326 1615  466 1956  994  728]
[ 326 1615  466 1956  994  728]
[ 326 1615  466 1956  994  728]
[ 326 1615  466 1956  994  728]
[ 326 1615  466 1956  994  728]
[ 326 1615  466 1956  994  728]
[ 326 1615  466 1956  994  728]
At i = 201:
[ 123 1714 1956 1211 1956  338]
[ 144 1953  466 1956  994  728]
[ 211 1953  466 1956  994  728]
[ 305 1953  466 1956  994  728]
[ 305 1953  466 1956  994  728]
[  59  973  466 1211  338  994]
[ 160  473 1201 1211 1956  994]
[ 223 1811  466 1956  994  728]
[ 125 1953  466 1956  994  728]
[ 326 1615  466 1956  994  728]
[ 326 1615  466 1956  994  728]
[ 326 1615  466 1956  994  728]
[ 326 1615  466 1956  994  728]
[ 326 1615  466 1956  994  728]
[ 326 1615  466 1956  994  728]
[ 326 1615  466 1956  994  728]
[ 326 1615  466 1956  994  728]
[ 326 1615  466 1956  994  728]
[ 326 1615  466 1956  994  728]
[ 326 1615  466 1956  994  728]
[ 326 1615  466 1956  994  728]
[ 326 1615  466 1956  994  728]
[ 326 1615  466 1956  994  728]
[ 326 1615  466 1956  994  728]
[ 326 1615  466 1956  994  728]
[ 326 1615  466 1956  994  728]
[ 326 1615  466 1956  994  728]
[ 326 1615  466 1956  994  728]
[ 326 1615  466 1956  994  728]
[ 326 1615  466 1956  994  728]
[ 899 1615  466 1956  994  728]
[ 899 1615  466 1956  994  728]
At i = 221:
[ 123 1714 1956 1211 1956  338]
[ 144 1953  466 1956  994  728]
[ 271 1953  466 1956  994  728]
[ 211 1953  466 1956  994  728]
[ 305 1953  466 1956  994  728]
[ 305 1953  466 1956  994  728]
[  59  973  466 1211  338  994]
[ 160  473 1201 1211 1956  994]
[ 258 1953  466 1956  994  728]
[ 223 1811  466 1956  994  728]
[ 125 1953  466 1956  994  728]
[ 125 1953  466 1956  994  728]
[ 326 1615  466 1956  994  728]
[ 326 1615  466 1956  994  728]
[ 326 1615  466 1956  994  728]
[ 326 1615  466 1956  994  728]
[ 326 1615  466 1956  994  728]
[ 326 1615  466 1956  994  728]
[ 326 1615  466 1956  994  728]
[ 326 1615  466 1956  994  728]
[ 326 1615  466 1956  994  728]
[ 326 1615  466 1956  994  728]
[ 326 1615  466 1956  994  728]
[ 326 1615  466 1956  994  728]
[ 326 1615  466 1956  994  728]
[ 326 1615  466 1956  994  728]
[ 326 1615  466 1956  994  728]
[ 326 1615  466 1956  994  728]
[ 326 1615  466 1956  994  728]
[ 326 1615  466 1956  994  728]
[ 326 1615  466 1956  994  728]
At i = 241:
[ 123 1714 1956 1211 1956  338]
[1529 1953  466  994  501  728]
[1529 1953  466  994  501  728]
[1529 1953  466  994  501  728]
[1529 1953  466  994  501  728]
[1529 1953  466  994  501  728]
[1529 1953  466  994  501  728]
[1529 1953  466  994  501  728]
[1529 1953  466  994  501  728]
[ 899 1953  466 1956  994  728]
[ 899 1953  466 1956  994  728]
[ 899 1953  466 1956  994  728]
[ 899 1953  466 1956  994  728]
[ 899 1953  466 1956  994  728]
[1039 1953  466 1956  994  728]
[1039 1953  466 1956  994  728]
[1039 1953  466 1956  994  728]
[ 144 1953  466 1956  994  728]
[ 971 1953  466 1956  994  728]
[ 971 1953  466 1956  994  728]
[ 971 1953  466 1956  994  728]
[ 971 1953  466 1956  994  728]
[1313 1953  466 1956  994  728]
[1313 1953  466 1956  994  728]
[1313 1953  466 1956  994  728]
[1313 1953  466 1956  994  728]
[ 488 1953  466 1956  994  728]
[ 488 1953  466 1956  994  728]
[1389 1953  466 1956  994  728]
[ 463 1953  466 1956  994  728]
At i = 261:
[ 123 1714 1956 1211 1956  338]
[1529 1953  466  994  501  728]
[1529 1953  466  994  501  728]
[1529 1953  466  994  501  728]
[1529 1953  466  994  501  728]
[1529 1953  466  994  501  728]
[1529 1953  466  994  501  728]
[1529 1953  466  994  501  728]
[1529 1953  466  994  501  728]
[1529 1953  466  994  501  728]
[1529 1953  466  994  501  728]
[1529 1953  466  994  501  728]
[1529 1953  466  994  501  728]
[ 899 1953  466 1956  994  728]
[ 899 1953  466 1956  994  728]
[ 899 1953  466 1956  994  728]
[ 899 1953  466 1956  994  728]
[ 899 1953  466 1956  994  728]
[ 899 1953  466 1956  994  728]
[ 899 1953  466 1956  994  728]
[ 899 1953  466 1956  994  728]
[ 899 1953  466 1956  994  728]
[ 899 1953  466 1956  994  728]
[ 899 1953  466 1956  994  728]
[ 899 1953  466 1956  994  728]
[ 899 1953  466 1956  994  728]
[ 899 1953  466 1956  994  728]
[ 899 1953  466 1956  994  728]
[1039 1953  466 1956  994  728]
[1039 1953  466 1956  994  728]
[ 971 1953  466 1956  994  728]
At i = 281:
[ 123 1714 1956 1211 1956  338]
[1529 1953  466  994  501  728]
[1529 1953  466  994  501  728]
[1529 1953  466  994  501  728]
[1529 1953  466  994  501  728]
[1529 1953  466  994  501  728]
[1529 1953  466  994  501  728]
[1529 1953  466  994  501  728]
[1529 1953  466  994  501  728]
[1529 1953  466  994  501  728]
[1529 1953  466  994  501  728]
[1529 1953  466  994  501  728]
[1529 1953  466  994  501  728]
[1529 1953  466  994  501  728]
[1529 1953  466  994  501  728]
[1529 1953  466  994  501  728]
[1529 1953  466  994  501  728]
[1529 1953  466  994  501  728]
[1529 1953  466  994  501  728]
[1529 1953  466  994  501  728]
[ 899 1953  466 1956  994  728]
[ 899 1953  466 1956  994  728]
[ 899 1953  466 1956  994  728]
[ 899 1953  466 1956  994  728]
[ 899 1953  466 1956  994  728]
[ 899 1953  466 1956  994  728]
[ 899 1953  466 1956  994  728]
[ 899 1953  466 1956  994  728]
[ 899 1953  466 1956  994  728]
[ 899 1953  466 1956  994  728]
[ 899 1953  466 1956  994  728]
At i = 301:
[ 123 1714 1956 1211 1956  338]
[1529 1953  466  994  501  728]
[1529 1953  466  994  501  728]
[1529 1953  466  994  501  728]
[1529 1953  466  994  501  728]
[1529 1953  466  994  501  728]
[1529 1953  466  994  501  728]
[1529 1953  466  994  501  728]
[1529 1953  466  994  501  728]
[1529 1953  466  994  501  728]
[1529 1953  466  994  501  728]
[1529 1953  466  994  501  728]
[1529 1953  466  994  501  728]
[1529 1953  466  994  501  728]
[1529 1953  466  994  501  728]
[1529 1953  466  994  501  728]
[1529 1953  466  994  501  728]
[1529 1953  466  994  501  728]
[1529 1953  466  994  501  728]
[1529 1953  466  994  501  728]
[1529 1953  466  994  501  728]
[1529 1953  466  994  501  728]
[1529 1953  466  994  501  728]
[1529 1953  466  994  501  728]
[1529 1953  466  994  501  728]
[1529 1953  466  994  501  728]
[1529 1953  466  994  501  728]
[1529 1953  466  994  501  728]
[1529 1953  466  994  501  728]
[1529 1953  466  994  501  728]
[1529 1953  466  994  501  728]
At i = 321:
[ 123 1714 1956 1211 1956  338]
[1529 1953  466  994  501  728]
[1529 1953  466  994  501  728]
[1529 1953  466  994  501  728]
[1529 1953  466  994  501  728]
[1529 1953  466  994  501  728]
[1529 1953  466  994  501  728]
[1529 1953  466  994  501  728]
[1529 1953  466  994  501  728]
[1529 1953  466  994  501  728]
[1529 1953  466  994  501  728]
[1529 1953  466  994  501  728]
[1529 1953  466  994  501  728]
[1529 1953  466  994  501  728]
[1529 1953  466  994  501  728]
[1529 1953  466  994  501  728]
[1529 1953  466  994  501  728]
[1529 1953  466  994  501  728]
[1529 1953  466  994  501  728]
[1529 1953  466  994  501  728]
[1529 1953  466  994  501  728]
[1529 1953  466  994  501  728]
[1529 1953  466  994  501  728]
[1529 1953  466  994  501  728]
[1529 1953  466  994  501  728]
[1529 1953  466  994  501  728]
[1529 1953  466  994  501  728]
[1529 1953  466  994  501  728]
[1529 1953  466  994  501  728]
[1529 1953  466  994  501  728]
[1529 1953  466  994  501  728]
At i = 341:
[ 123 1714 1956 1211 1956  338]
[1529 1953  466  994  501  728]
[1529 1953  466  994  501  728]
[1529 1953  466  994  501  728]
[1529 1953  466  994  501  728]
[1529 1953  466  994  501  728]
[1529 1953  466  994  501  728]
[1529 1953  466  994  501  728]
[1529 1953  466  994  501  728]
[1529 1953  466  994  501  728]
[1529 1953  466  994  501  728]
[1529 1953  466  994  501  728]
[1529 1953  466  994  501  728]
[1529 1953  466  994  501  728]
[1529 1953  466  994  501  728]
[1529 1953  466  994  501  728]
[1529 1953  466  994  501  728]
[1529 1953  466  994  501  728]
[1529 1953  466  994  501  728]
[1529 1953  466  994  501  728]
[1529 1953  466  994  501  728]
[1529 1953  466  994  501  728]
[1529 1953  466  994  501  728]
[1529 1953  466  994  501  728]
[1529 1953  466  994  501  728]
[1529 1953  466  994  501  728]
[1529 1953  466  994  501  728]
[1529 1953  466  994  501  728]
[1529 1953  466  994  501  728]
[1529 1953  466  994  501  728]
At i = 361:
[ 123 1714 1956 1211 1956  338]
[1529 1953  466  994  501  728]
[1529 1953  466  994  501  728]
[1529 1953  466  994  501  728]
[1529 1953  466  994  501  728]
[1529 1953  466  994  501  728]
[1529 1953  466  994  501  728]
[1529 1953  466  994  501  728]
[1529 1953  466  994  501  728]
[1529 1953  466  994  501  728]
[1529 1953  466  994  501  728]
[1529 1953  466  994  501  728]
[1529 1953  466  994  501  728]
[1529 1953  466  994  501  728]
[1529 1953  466  994  501  728]
[1529 1953  466  994  501  728]
[1529 1953  466  994  501  728]
[1529 1953  466  994  501  728]
[1529 1953  466  994  501  728]
[1529 1953  466  994  501  728]
[1529 1953  466  994  501  728]
[1529 1953  466  994  501  728]
[1529 1953  466  994  501  728]
[1529 1953  466  994  501  728]
[1529 1953  466  994  501  728]
[1529 1953  466  994  501  728]
[1529 1953  466  994  501  728]
[1529 1953  466  994  501  728]
[1529 1953  466  994  501  728]
[1529 1953  466  994  501  728]
[ 899 1953  466 1956  994  728]
At i = 381:
[ 123 1714 1956 1211 1956  338]
[1529 1953  466  994  501  728]
[1529 1953  466  994  501  728]
[1529 1953  466  994  501  728]
[1529 1953  466  994  501  728]
[1529 1953  466  994  501  728]
[1529 1953  466  994  501  728]
[1529 1953  466  994  501  728]
[1529 1953  466  994  501  728]
[1529 1953  466  994  501  728]
[1529 1953  466  994  501  728]
[1529 1953  466  994  501  728]
[1529 1953  466  994  501  728]
[1529 1953  466  994  501  728]
[1529 1953  466  994  501  728]
[1529 1953  466  994  501  728]
[1529 1953  466  994  501  728]
[1529 1953  466  994  501  728]
[1529 1953  466  994  501  728]
[1529 1953  466  994  501  728]
[1529 1953  466  994  501  728]
[1529 1953  466  994  501  728]
[1529 1953  466  994  501  728]
[1529 1953  466  994  501  728]
[1529 1953  466  994  501  728]
[1529 1953  466  994  501  728]
[1529 1953  466  994  501  728]
[1529 1953  466  994  501  728]
[1529 1953  466  994  501  728]
[1529 1953  466  994  501  728]
[ 971 1953  466 1956  994  728]
At i = 401:
[ 123 1714 1956 1211 1956  338]
[1529 1953  466  994  501  728]
[1529 1953  466  994  501  728]
[1529 1953  466  994  501  728]
[1529 1953  466  994  501  728]
[1529 1953  466  994  501  728]
[1529 1953  466  994  501  728]
[1529 1953  466  994  501  728]
[1529 1953  466  994  501  728]
[1529 1953  466  994  501  728]
[1529 1953  466  994  501  728]
[1529 1953  466  994  501  728]
[1529 1953  466  994  501  728]
[1529 1953  466  994  501  728]
[1529 1953  466  994  501  728]
[1529 1953  466  994  501  728]
[1529 1953  466  994  501  728]
[1529 1953  466  994  501  728]
[1529 1953  466  994  501  728]
[1529 1953  466  994  501  728]
[1529 1953  466  994  501  728]
[1529 1953  466  994  501  728]
[1529 1953  466  994  501  728]
[1529 1953  466  994  501  728]
[1529 1953  466  994  501  728]
[1529 1953  466  994  501  728]
[1529 1953  466  994  501  728]
[1529 1953  466  994  501  728]
[1529 1953  466  994  501  728]
[1529 1953  466  994  501  728]
[1039 1953  466 1956  994  728]
At i = 421:
[ 123 1714 1956 1211 1956  338]
[1529 1953  466  994  501  728]
[1529 1953  466  994  501  728]
[1529 1953  466  994  501  728]
[1529 1953  466  994  501  728]
[1529 1953  466  994  501  728]
[1529 1953  466  994  501  728]
[1529 1953  466  994  501  728]
[1529 1953  466  994  501  728]
[1529 1953  466  994  501  728]
[1529 1953  466  994  501  728]
[1529 1953  466  994  501  728]
[1529 1953  466  994  501  728]
[1529 1953  466  994  501  728]
[1529 1953  466  994  501  728]
[1529 1953  466  994  501  728]
[1529 1953  466  994  501  728]
[1529 1953  466  994  501  728]
[1529 1953  466  994  501  728]
[1529 1953  466  994  501  728]
[1529 1953  466  994  501  728]
[1529 1953  466  994  501  728]
[1529 1953  466  994  501  728]
[1529 1953  466  994  501  728]
[1529 1953  466  994  501  728]
[1529 1953  466  994  501  728]
[1529 1953  466  994  501  728]
[1529 1953  466  994  501  728]
[1529 1953  466  994  501  728]
[1529 1953  466  994  501  728]
At i = 441:
[ 123 1714 1956 1211 1956  338]
[1529 1953  466  994  501  728]
[1529 1953  466  994  501  728]
[1529 1953  466  994  501  728]
[1529 1953  466  994  501  728]
[1529 1953  466  994  501  728]
[1529 1953  466  994  501  728]
[1529 1953  466  994  501  728]
[1529 1953  466  994  501  728]
[1529 1953  466  994  501  728]
[1529 1953  466  994  501  728]
[1529 1953  466  994  501  728]
[1529 1953  466  994  501  728]
[1529 1953  466  994  501  728]
[1529 1953  466  994  501  728]
[1529 1953  466  994  501  728]
[1529 1953  466  994  501  728]
[1529 1953  466  994  501  728]
[1529 1953  466  994  501  728]
[1529 1953  466  994  501  728]
[1529 1953  466  994  501  728]
[1529 1953  466  994  501  728]
[1529 1953  466  994  501  728]
[1529 1953  466  994  501  728]
[1529 1953  466  994  501  728]
[1529 1953  466  994  501  728]
[1529 1953  466  994  501  728]
[1529 1953  466  994  501  728]
[1529 1953  466  994  501  728]
[1529 1953  466  994  501  728]
At i = 461:
[ 123 1714 1956 1211 1956  338]
[1529 1953  466  994  501  728]
[1529 1953  466  994  501  728]
[1529 1953  466  994  501  728]
[1529 1953  466  994  501  728]
[1529 1953  466  994  501  728]
[1529 1953  466  994  501  728]
[1529 1953  466  994  501  728]
[1529 1953  466  994  501  728]
[1529 1953  466  994  501  728]
[1529 1953  466  994  501  728]
[1529 1953  466  994  501  728]
[1529 1953  466  994  501  728]
[1529 1953  466  994  501  728]
[1529 1953  466  994  501  728]
[1529 1953  466  994  501  728]
[1529 1953  466  994  501  728]
[1529 1953  466  994  501  728]
[1529 1953  466  994  501  728]
[1529 1953  466  994  501  728]
[1529 1953  466  994  501  728]
[1529 1953  466  994  501  728]
[1529 1953  466  994  501  728]
[1529 1953  466  994  501  728]
[1529 1953  466  994  501  728]
[1529 1953  466  994  501  728]
[1529 1953  466  994  501  728]
[1529 1953  466  994  501  728]
[1529 1953  466  994  501  728]
[1529 1953  466  994  501  728]
[1529 1953  466  994  501  728]
At i = 481:
[ 123 1714 1956 1211 1956  338]
[1529 1953  466  994  501  728]
[1529 1953  466  994  501  728]
[1529 1953  466  994  501  728]
[1529 1953  466  994  501  728]
[1529 1953  466  994  501  728]
[1529 1953  466  994  501  728]
[1529 1953  466  994  501  728]
[1529 1953  466  994  501  728]
[1529 1953  466  994  501  728]
[1529 1953  466  994  501  728]
[1529 1953  466  994  501  728]
[1529 1953  466  994  501  728]
[1529 1953  466  994  501  728]
[1529 1953  466  994  501  728]
[1529 1953  466  994  501  728]
[1529 1953  466  994  501  728]
[1529 1953  466  994  501  728]
[1529 1953  466  994  501  728]
[1529 1953  466  994  501  728]
[1529 1953  466  994  501  728]
[1529 1953  466  994  501  728]
[1529 1953  466  994  501  728]
[1529 1953  466  994  501  728]
[1529 1953  466  994  501  728]
[1529 1953  466  994  501  728]
[1529 1953  466  994  501  728]
[1529 1953  466  994  501  728]
[1529 1953  466  994  501  728]
[1529 1953  466  994  501  728]
[ 899 1953  466 1956  994  728]
[ 899 1953  466 1956  994  728]
At i = 501:
[ 123 1714 1956 1211 1956  338]
[1529 1953  466  994  501  728]
[1529 1953  466  994  501  728]
[1529 1953  466  994  501  728]
[1529 1953  466  994  501  728]
[1529 1953  466  994  501  728]
[1529 1953  466  994  501  728]
[1529 1953  466  994  501  728]
[1529 1953  466  994  501  728]
[1529 1953  466  994  501  728]
[1529 1953  466  994  501  728]
[1529 1953  466  994  501  728]
[1529 1953  466  994  501  728]
[1529 1953  466  994  501  728]
[1529 1953  466  994  501  728]
[1529 1953  466  994  501  728]
[1529 1953  466  994  501  728]
[1529 1953  466  994  501  728]
[1529 1953  466  994  501  728]
[1529 1953  466  994  501  728]
[1529 1953  466  994  501  728]
[1529 1953  466  994  501  728]
[1529 1953  466  994  501  728]
[1529 1953  466  994  501  728]
[1529 1953  466  994  501  728]
[1529 1953  466  994  501  728]
[1529 1953  466  994  501  728]
[1529 1953  466  994  501  728]
[1529 1953  466  994  501  728]
[1529 1953  466  994  501  728]
[1529 1953  466  994  501  728]
At i = 521:
[ 123 1714 1956 1211 1956  338]
[1529 1953  466  994  501  728]
[1529 1953  466  994  501  728]
[1529 1953  466  994  501  728]
[1529 1953  466  994  501  728]
[1529 1953  466  994  501  728]
[1529 1953  466  994  501  728]
[1529 1953  466  994  501  728]
[1529 1953  466  994  501  728]
[1529 1953  466  994  501  728]
[1529 1953  466  994  501  728]
[1529 1953  466  994  501  728]
[1529 1953  466  994  501  728]
[1529 1953  466  994  501  728]
[1529 1953  466  994  501  728]
[1529 1953  466  994  501  728]
[1529 1953  466  994  501  728]
[1529 1953  466  994  501  728]
[1529 1953  466  994  501  728]
[1529 1953  466  994  501  728]
[1529 1953  466  994  501  728]
[1529 1953  466  994  501  728]
[1529 1953  466  994  501  728]
[1529 1953  466  994  501  728]
[1529 1953  466  994  501  728]
[1529 1953  466  994  501  728]
[1529 1953  466  994  501  728]
[1529 1953  466  994  501  728]
[1529 1953  466  994  501  728]
[1529 1953  466  994  501  728]
[ 899 1953  466 1956  994  728]
At i = 541:
[ 123 1714 1956 1211 1956  338]
[1529 1953  466  994  501  728]
[1529 1953  466  994  501  728]
[1529 1953  466  994  501  728]
[1529 1953  466  994  501  728]
[1529 1953  466  994  501  728]
[1529 1953  466  994  501  728]
[1529 1953  466  994  501  728]
[1529 1953  466  994  501  728]
[1529 1953  466  994  501  728]
[1529 1953  466  994  501  728]
[1529 1953  466  994  501  728]
[1529 1953  466  994  501  728]
[1529 1953  466  994  501  728]
[1529 1953  466  994  501  728]
[1529 1953  466  994  501  728]
[1529 1953  466  994  501  728]
[1529 1953  466  994  501  728]
[1529 1953  466  994  501  728]
[1529 1953  466  994  501  728]
[1529 1953  466  994  501  728]
[1529 1953  466  994  501  728]
[1529 1953  466  994  501  728]
[1529 1953  466  994  501  728]
[1529 1953  466  994  501  728]
[1529 1953  466  994  501  728]
[1529 1953  466  994  501  728]
[1529 1953  466  994  501  728]
[1529 1953  466  994  501  728]
[1529 1953  466  994  501  728]
At i = 561:
[ 123 1714 1956 1211 1956  338]
[1529 1953  466  994  501  728]
[1529 1953  466  994  501  728]
[1529 1953  466  994  501  728]
[1529 1953  466  994  501  728]
[1529 1953  466  994  501  728]
[1529 1953  466  994  501  728]
[1529 1953  466  994  501  728]
[1529 1953  466  994  501  728]
[1529 1953  466  994  501  728]
[1529 1953  466  994  501  728]
[1529 1953  466  994  501  728]
[1529 1953  466  994  501  728]
[1529 1953  466  994  501  728]
[1529 1953  466  994  501  728]
[1529 1953  466  994  501  728]
[1529 1953  466  994  501  728]
[1529 1953  466  994  501  728]
[1529 1953  466  994  501  728]
[1529 1953  466  994  501  728]
[1529 1953  466  994  501  728]
[1529 1953  466  994  501  728]
[1529 1953  466  994  501  728]
[1529 1953  466  994  501  728]
[1529 1953  466  994  501  728]
[1529 1953  466  994  501  728]
[1529 1953  466  994  501  728]
[1529 1953  466  994  501  728]
[1529 1953  466  994  501  728]
[1529 1953  466  994  501  728]
At i = 581:
[ 123 1714 1956 1211 1956  338]
[1529 1953  466  994  501  728]
[1529 1953  466  994  501  728]
[1529 1953  466  994  501  728]
[1529 1953  466  994  501  728]
[1529 1953  466  994  501  728]
[1529 1953  466  994  501  728]
[1529 1953  466  994  501  728]
[1529 1953  466  994  501  728]
[1529 1953  466  994  501  728]
[1529 1953  466  994  501  728]
[1529 1953  466  994  501  728]
[1529 1953  466  994  501  728]
[1529 1953  466  994  501  728]
[1529 1953  466  994  501  728]
[1529 1953  466  994  501  728]
[1529 1953  466  994  501  728]
[1529 1953  466  994  501  728]
[1529 1953  466  994  501  728]
[1529 1953  466  994  501  728]
[1529 1953  466  994  501  728]
[1529 1953  466  994  501  728]
[1529 1953  466  994  501  728]
[1529 1953  466  994  501  728]
[1529 1953  466  994  501  728]
[1529 1953  466  994  501  728]
[1529 1953  466  994  501  728]
[1529 1953  466  994  501  728]
[1529 1953  466  994  501  728]
[1529 1953  466  994  501  728]
At i = 601:
[ 123 1714 1956 1211 1956  338]
[ 123 1714 1956 1211 1956  338]
[1529 1953  466  994  501  728]
[1529 1953  466  994  501  728]
[1529 1953  466  994  501  728]
[1529 1953  466  994  501  728]
[1529 1953  466  994  501  728]
[1529 1953  466  994  501  728]
[1529 1953  466  994  501  728]
[1529 1953  466  994  501  728]
[1529 1953  466  994  501  728]
[1529 1953  466  994  501  728]
[1529 1953  466  994  501  728]
[1529 1953  466  994  501  728]
[1529 1953  466  994  501  728]
[1529 1953  466  994  501  728]
[1529 1953  466  994  501  728]
[1529 1953  466  994  501  728]
[1529 1953  466  994  501  728]
[1529 1953  466  994  501  728]
[1529 1953  466  994  501  728]
[1529 1953  466  994  501  728]
[1529 1953  466  994  501  728]
[1529 1953  466  994  501  728]
[1529 1953  466  994  501  728]
[1529 1953  466  994  501  728]
[1529 1953  466  994  501  728]
[1529 1953  466  994  501  728]
[1529 1953  466  994  501  728]
[1529 1953  466  994  501  728]
At i = 621:
[ 123 1714 1956 1211 1956  338]
[ 123 1714 1956 1211 1956  338]
[ 123 1714 1956 1211 1956  338]
[1529 1953  466  994  501  728]
[1529 1953  466  994  501  728]
[1529 1953  466  994  501  728]
[1529 1953  466  994  501  728]
[1529 1953  466  994  501  728]
[1529 1953  466  994  501  728]
[1529 1953  466  994  501  728]
[1529 1953  466  994  501  728]
[1529 1953  466  994  501  728]
[1529 1953  466  994  501  728]
[1529 1953  466  994  501  728]
[1529 1953  466  994  501  728]
[1529 1953  466  994  501  728]
[1529 1953  466  994  501  728]
[1529 1953  466  994  501  728]
[1529 1953  466  994  501  728]
[1529 1953  466  994  501  728]
[1529 1953  466  994  501  728]
[1529 1953  466  994  501  728]
[1529 1953  466  994  501  728]
[1529 1953  466  994  501  728]
[1529 1953  466  994  501  728]
[1529 1953  466  994  501  728]
[1529 1953  466  994  501  728]
[1529 1953  466  994  501  728]
[1529 1953  466  994  501  728]
[1529 1953  466  994  501  728]
At i = 641:
[ 123 1714 1956 1211 1956  338]
[ 123 1714 1956 1211 1956  338]
[ 123 1714 1956 1211 1956  338]
[ 123 1714 1956 1211 1956  338]
[ 123 1714 1956 1211 1956  338]
[ 123 1714 1956 1211 1956  338]
[ 123 1714 1956 1211 1956  338]
[ 123 1714 1956 1211 1956  338]
[ 123 1714 1956 1211 1956  338]
[ 123 1714 1956 1211 1956  338]
[ 123 1714 1956 1211 1956  338]
[ 123 1714 1956 1211 1956  338]
[ 123 1714 1956 1211 1956  338]
[ 123 1714 1956 1211 1956  338]
[ 123 1714 1956 1211 1956  338]
[ 123 1714 1956 1211 1956  338]
[ 123 1714 1956 1211 1956  338]
[ 123 1714 1956 1211 1956  338]
[ 123 1714 1956 1211 1956  338]
[ 123 1714 1956 1211 1956  338]
[  69  353  463 1211  994 1529]
[1529 1953  466  994  501  728]
[1529 1953  466  994  501  728]
[1529 1953  466  994  501  728]
[1529 1953  466  994  501  728]
[1529 1953  466  994  501  728]
[1529 1953  466  994  501  728]
[1529 1953  466  994  501  728]
[1529 1953  466  994  501  728]
[1529 1953  466  994  501  728]
[1529 1953  466  994  501  728]
[1529 1953  466  994  501  728]
[1529 1953  466  994  501  728]
At i = 661:
[ 123 1714 1956 1211 1956  338]
[ 123 1714 1956 1211 1956  338]
[ 123 1714 1956 1211 1956  338]
[ 123 1714 1956 1211 1956  338]
[ 123 1714 1956 1211 1956  338]
[ 123 1714 1956 1211 1956  338]
[ 123 1714 1956 1211 1956  338]
[ 123 1714 1956 1211 1956  338]
[ 123 1714 1956 1211 1956  338]
[ 123 1714 1956 1211 1956  338]
[ 123 1714 1956 1211 1956  338]
[ 123 1714 1956 1211 1956  338]
[ 123 1714 1956 1211 1956  338]
[ 123 1714 1956 1211 1956  338]
[ 123 1714 1956 1211 1956  338]
[ 123 1714 1956 1211 1956  338]
[ 123 1714 1956 1211 1956  338]
[ 123 1714 1956 1211 1956  338]
[ 123 1714 1956 1211 1956  338]
[ 123 1714 1956 1211 1956  338]
[ 123 1714 1956 1211 1956  338]
[ 123 1714 1956 1211 1956  338]
[ 123 1714 1956 1211 1956  338]
[ 123 1714 1956 1211 1956  338]
[ 123 1714 1956 1211 1956  338]
[ 123 1714 1956 1211 1956  338]
[ 123 1714 1956 1211 1956  338]
[ 123 1714 1956 1211 1956  338]
[ 123 1714 1956 1211 1956  338]
[ 123 1714 1956 1211 1956  338]
At i = 681:
[ 123 1714 1956 1211 1956  338]
[ 123 1714 1956 1211 1956  338]
[ 123 1714 1956 1211 1956  338]
[ 123 1714 1956 1211 1956  338]
[ 123 1714 1956 1211 1956  338]
[ 123 1714 1956 1211 1956  338]
[ 123 1714 1956 1211 1956  338]
[ 123 1714 1956 1211 1956  338]
[ 123 1714 1956 1211 1956  338]
[ 123 1714 1956 1211 1956  338]
[ 123 1714 1956 1211 1956  338]
[ 123 1714 1956 1211 1956  338]
[ 123 1714 1956 1211 1956  338]
[ 123 1714 1956 1211 1956  338]
[ 123 1714 1956 1211 1956  338]
[ 123 1714 1956 1211 1956  338]
[ 123 1714 1956 1211 1956  338]
[ 123 1714 1956 1211 1956  338]
[ 123 1714 1956 1211 1956  338]
[ 123 1714 1956 1211 1956  338]
[ 123 1714 1956 1211 1956  338]
[ 123 1714 1956 1211 1956  338]
[ 123 1714 1956 1211 1956  338]
[ 123 1714 1956 1211 1956  338]
[ 123 1714 1956 1211 1956  338]
[ 123 1714 1956 1211 1956  338]
[ 123 1714 1956 1211 1956  338]
[ 123 1714 1956 1211 1956  338]
[ 123 1714 1956 1211 1956  338]
[ 123 1714 1956 1211 1956  338]
At i = 701:
[ 123 1714 1529 1211 1956  338]
[ 123 1714 1529 1211 1956  338]
[ 123 1714 1529 1211 1956  338]
[ 123 1714 1529 1211 1956  338]
[ 123 1714 1956 1211 1211  338]
[ 123 1714 1956 1211 1956  338]
[ 123 1714 1956 1211 1956  338]
[ 123 1714 1956 1211 1956  338]
[ 123 1714 1956 1211 1956  338]
[ 123 1714 1956 1211 1956  338]
[ 123 1714 1956 1211 1956  338]
[ 123 1714 1956 1211 1956  338]
[ 123 1714 1956 1211 1956  338]
[ 123 1714 1956 1211 1956  338]
[ 123 1714 1956 1211 1956  338]
[ 123 1714 1956 1211 1956  338]
[ 123 1714 1956 1211 1956  338]
[ 123 1714 1956 1211 1956  338]
[ 123 1714 1956 1211 1956  338]
[ 123 1714 1956 1211 1956  338]
[ 123 1714 1956 1211 1956  338]
[ 123 1714 1956 1211 1956  338]
[ 123 1714 1956 1211 1956  338]
[ 123 1714 1956 1211 1956  338]
[ 123 1714 1956 1211 1956  338]
[ 123 1714 1956 1211 1956  338]
[ 123 1714 1956 1211 1956  338]
[ 123 1714 1956 1211 1956  338]
[ 123 1714 1956 1211 1956  338]
[ 123 1714 1956 1211 1956  338]
At i = 721:
[ 123 1714 1529 1211 1956  338]
[ 123 1714 1529 1211 1956  338]
[ 123 1714 1529 1211 1956  338]
[ 123 1714 1529 1211 1956  338]
[ 123 1714 1529 1211 1956  338]
[ 123 1714 1529 1211 1956  338]
[ 123 1714 1529 1211 1956  338]
[ 123 1714 1529 1211 1956  338]
[ 123 1714 1529 1211 1956  338]
[ 123 1714 1529 1211 1956  338]
[ 123 1714 1529 1211 1956  338]
[ 123 1714 1529 1211 1956  338]
[ 123 1714 1529 1211 1956  338]
[ 123 1714 1529 1211 1956  338]
[ 123 1714 1529 1211 1956  338]
[ 123 1714 1529 1211 1956  338]
[ 123 1714 1529 1211 1956  338]
[ 123 1714 1529 1211 1956  338]
[ 123 1714 1529 1211 1956  338]
[ 123 1714 1529 1211 1956  338]
[ 123 1714 1529 1211 1956  338]
[ 123 1714 1529 1211 1956  338]
[ 123 1714 1529 1211 1956  338]
[ 123 1714 1529 1211 1956  338]
[ 123 1714 1529 1211 1956  338]
[ 123 1714 1529 1211 1956  338]
[ 123 1714 1529 1211 1956  338]
[ 123 1714 1529 1211 1956  338]
[ 123 1714 1529 1211 1956  338]
[ 123 1714 1529 1211 1956  338]
[ 123 1714 1529 1211 1956  338]
At i = 741:
[ 123 1714 1529 1211 1956  338]
[ 123 1714 1529 1211 1956  338]
[ 123 1714 1529 1211 1956  338]
[ 123 1714 1529 1211 1956  338]
[ 123 1714 1529 1211 1956  338]
[ 123 1714 1529 1211 1956  338]
[ 123 1714 1529 1211 1956  338]
[ 123 1714 1529 1211 1956  338]
[ 123 1714 1529 1211 1956  338]
[ 123 1714 1529 1211 1956  338]
[ 123 1714 1529 1211 1956  338]
[ 123 1714 1529 1211 1956  338]
[ 123 1714 1529 1211 1956  338]
[ 123 1714 1529 1211 1956  338]
[ 123 1714 1529 1211 1956  338]
[ 123 1714 1529 1211 1956  338]
[ 123 1714 1529 1211 1956  338]
[ 123 1714 1529 1211 1956  338]
[ 123 1714 1529 1211 1956  338]
[ 123 1714 1529 1211 1956  338]
[ 123 1714 1529 1211 1956  338]
[ 123 1714 1529 1211 1956  338]
[ 123 1714 1529 1211 1956  338]
[ 123 1714 1529 1211 1956  338]
[ 123 1714 1529 1211 1956  338]
[ 123 1714 1529 1211 1956  338]
[ 123 1714 1529 1211 1956  338]
[ 123 1714 1529 1211 1956  338]
[ 123 1714 1529 1211 1956  338]
[ 123 1714 1529 1211 1956  338]
At i = 761:
[ 123 1714 1529 1211 1956  338]
[ 123 1714 1529 1211 1956  338]
[ 123 1714 1529 1211 1956  338]
[ 123 1714 1529 1211 1956  338]
[ 123 1714 1529 1211 1956  338]
[ 123 1714 1529 1211 1956  338]
[ 123 1714 1529 1211 1956  338]
[ 123 1714 1529 1211 1956  338]
[ 123 1714 1529 1211 1956  338]
[ 123 1714 1529 1211 1956  338]
[ 123 1714 1529 1211 1956  338]
[ 123 1714 1529 1211 1956  338]
[ 123 1714 1529 1211 1956  338]
[ 123 1714 1529 1211 1956  338]
[ 123 1714 1529 1211 1956  338]
[ 123 1714 1529 1211 1956  338]
[ 123 1714 1529 1211 1956  338]
[ 123 1714 1529 1211 1956  338]
[ 123 1714 1529 1211 1956  338]
[ 123 1714 1529 1211 1956  338]
[ 123 1714 1529 1211 1956  338]
[ 123 1714 1529 1211 1956  338]
[ 123 1714 1529 1211 1956  338]
[ 123 1714 1529 1211 1956  338]
[ 123 1714 1529 1211 1956  338]
[ 123 1714 1529 1211 1956  338]
[ 123 1714 1529 1211 1956  338]
[ 123 1714 1529 1211 1956  338]
[ 123 1714 1529 1211 1956  338]
[ 123 1714 1529 1211 1956  338]
At i = 781:
[ 123 1714 1529 1211 1956  338]
[ 123 1714 1529 1211 1956  338]
[ 123 1714 1529 1211 1956  338]
[ 123 1714 1529 1211 1956  338]
[ 123 1714 1529 1211 1956  338]
[ 123 1714 1529 1211 1956  338]
[ 123 1714 1529 1211 1956  338]
[ 123 1714 1529 1211 1956  338]
[ 123 1714 1529 1211 1956  338]
[ 123 1714 1529 1211 1956  338]
[ 123 1714 1529 1211 1956  338]
[ 123 1714 1529 1211 1956  338]
[ 123 1714 1529 1211 1956  338]
[ 123 1714 1529 1211 1956  338]
[ 123 1714 1529 1211 1956  338]
[ 123 1714 1529 1211 1956  338]
[ 123 1714 1529 1211 1956  338]
[ 123 1714 1529 1211 1956  338]
[ 123 1714 1529 1211 1956  338]
[ 123 1714 1529 1211 1956  338]
[ 123 1714 1529 1211 1956  338]
[ 123 1714 1529 1211 1956  338]
[ 123 1714 1529 1211 1956  338]
[ 123 1714 1529 1211 1956  338]
[ 123 1714 1529 1211 1956  338]
[ 123 1714 1529 1211 1956  338]
[ 123 1714 1529 1211 1956  338]
[ 123 1714 1529 1211 1956  338]
[ 123 1714 1529 1211 1956  338]
[ 123 1714 1529 1211 1956  338]
At i = 801:
[ 123 1714 1529 1211 1956  338]
[ 123 1714 1529 1211 1956  338]
[ 123 1714 1529 1211 1956  338]
[ 123 1714 1529 1211 1956  338]
[ 123 1714 1529 1211 1956  338]
[ 123 1714 1529 1211 1956  338]
[ 123 1714 1529 1211 1956  338]
[ 123 1714 1529 1211 1956  338]
[ 123 1714 1529 1211 1956  338]
[ 123 1714 1529 1211 1956  338]
[ 123 1714 1529 1211 1956  338]
[ 123 1714 1529 1211 1956  338]
[ 123 1714 1529 1211 1956  338]
[ 123 1714 1529 1211 1956  338]
[ 123 1714 1529 1211 1956  338]
[ 123 1714 1529 1211 1956  338]
[ 123 1714 1529 1211 1956  338]
[ 123 1714 1529 1211 1956  338]
[ 123 1714 1529 1211 1956  338]
[ 123 1714 1529 1211 1956  338]
[ 123 1714 1529 1211 1956  338]
[ 123 1714 1529 1211 1956  338]
[ 123 1714 1529 1211 1956  338]
[ 123 1714 1529 1211 1956  338]
[ 123 1714 1529 1211 1956  338]
[ 123 1714 1529 1211 1956  338]
[ 123 1714 1529 1211 1956  338]
[ 123 1714 1529 1211 1956  338]
[ 123 1714 1529 1211 1956  338]
[ 123 1714 1529 1211 1956  338]
At i = 821:
[ 123 1714 1529 1211 1956  338]
[ 123 1714 1529 1211 1956  338]
[ 123 1714 1529 1211 1956  338]
[ 123 1714 1529 1211 1956  338]
[ 123 1714 1529 1211 1956  338]
[ 123 1714 1529 1211 1956  338]
[ 123 1714 1529 1211 1956  338]
[ 123 1714 1529 1211 1956  338]
[ 123 1714 1529 1211 1956  338]
[ 123 1714 1529 1211 1956  338]
[ 123 1714 1529 1211 1956  338]
[ 123 1714 1529 1211 1956  338]
[ 123 1714 1529 1211 1956  338]
[ 123 1714 1529 1211 1956  338]
[ 123 1714 1529 1211 1956  338]
[ 123 1714 1529 1211 1956  338]
[ 123 1714 1529 1211 1956  338]
[ 123 1714 1529 1211 1956  338]
[ 123 1714 1529 1211 1956  338]
[ 123 1714 1529 1211 1956  338]
[ 123 1714 1529 1211 1956  338]
[ 123 1714 1529 1211 1956  338]
[ 123 1714 1529 1211 1956  338]
[ 123 1714 1529 1211 1956  338]
[ 123 1714 1529 1211 1956  338]
[ 123 1714 1529 1211 1956  338]
[ 123 1714 1529 1211 1956  338]
[ 123 1714 1529 1211 1956  338]
[ 123 1714 1529 1211 1956  338]
[ 123 1714 1529 1211 1956  338]
At i = 841:
[ 123 1714 1529 1211 1956  338]
[ 123 1714 1529 1211 1956  338]
[ 123 1714 1529 1211 1956  338]
[ 123 1714 1529 1211 1956  338]
[ 123 1714 1529 1211 1956  338]
[ 123 1714 1529 1211 1956  338]
[ 123 1714 1529 1211 1956  338]
[ 123 1714 1529 1211 1956  338]
[ 123 1714 1529 1211 1956  338]
[ 123 1714 1529 1211 1956  338]
[ 123 1714 1529 1211 1956  338]
[ 123 1714 1529 1211 1956  338]
[ 123 1714 1529 1211 1956  338]
[ 123 1714 1529 1211 1956  338]
[ 123 1714 1529 1211 1956  338]
[ 123 1714 1529 1211 1956  338]
[ 123 1714 1529 1211 1956  338]
[ 123 1714 1529 1211 1956  338]
[ 123 1714 1529 1211 1956  338]
[ 123 1714 1529 1211 1956  338]
[ 123 1714 1529 1211 1956  338]
[ 123 1714 1529 1211 1956  338]
[ 123 1714 1529 1211 1956  338]
[ 123 1714 1529 1211 1956  338]
[ 123 1714 1529 1211 1956  338]
[ 123 1714 1529 1211 1956  338]
[ 123 1714 1529 1211 1956  338]
[ 123 1714 1529 1211 1956  338]
[ 123 1714 1529 1211 1956  338]
[ 123 1714 1529 1211 1956  338]
At i = 861:
[ 123 1714 1529 1211 1956  338]
[ 123 1714 1529 1211 1956  338]
[ 123 1714 1529 1211 1956  338]
[ 123 1714 1529 1211 1956  338]
[ 123 1714 1529 1211 1956  338]
[ 123 1714 1529 1211 1956  338]
[ 123 1714 1529 1211 1956  338]
[ 123 1714 1529 1211 1956  338]
[ 123 1714 1529 1211 1956  338]
[ 123 1714 1529 1211 1956  338]
[ 123 1714 1529 1211 1956  338]
[ 123 1714 1529 1211 1956  338]
[ 123 1714 1529 1211 1956  338]
[ 123 1714 1529 1211 1956  338]
[ 123 1714 1529 1211 1956  338]
[ 123 1714 1529 1211 1956  338]
[ 123 1714 1529 1211 1956  338]
[ 123 1714 1529 1211 1956  338]
[ 123 1714 1529 1211 1956  338]
[ 123 1714 1529 1211 1956  338]
[ 123 1714 1529 1211 1956  338]
[ 123 1714 1529 1211 1956  338]
[ 123 1714 1529 1211 1956  338]
[ 123 1714 1529 1211 1956  338]
[ 123 1714 1529 1211 1956  338]
[ 123 1714 1529 1211 1956  338]
[ 123 1714 1529 1211 1956  338]
[ 123 1714 1529 1211 1956  338]
[ 123 1714 1529 1211 1956  338]
[ 123 1714 1529 1211 1956  338]
At i = 881:
[ 123 1714 1529 1211 1956  338]
[ 123 1714 1529 1211 1956  338]
[ 123 1714 1529 1211 1956  338]
[ 123 1714 1529 1211 1956  338]
[ 123 1714 1529 1211 1956  338]
[ 123 1714 1529 1211 1956  338]
[ 123 1714 1529 1211 1956  338]
[ 123 1714 1529 1211 1956  338]
[ 123 1714 1529 1211 1956  338]
[ 123 1714 1529 1211 1956  338]
[ 123 1714 1529 1211 1956  338]
[ 123 1714 1529 1211 1956  338]
[ 123 1714 1529 1211 1956  338]
[ 123 1714 1529 1211 1956  338]
[ 123 1714 1529 1211 1956  338]
[ 123 1714 1529 1211 1956  338]
[ 123 1714 1529 1211 1956  338]
[ 123 1714 1529 1211 1956  338]
[ 123 1714 1529 1211 1956  338]
[ 123 1714 1529 1211 1956  338]
[ 123 1714 1529 1211 1956  338]
[ 123 1714 1529 1211 1956  338]
[ 123 1714 1529 1211 1956  338]
[ 123 1714 1529 1211 1956  338]
[ 123 1714 1529 1211 1956  338]
[ 123 1714 1529 1211 1956  338]
[ 123 1714 1529 1211 1956  338]
[ 123 1714 1529 1211 1956  338]
[ 123 1714 1529 1211 1956  338]
[ 123 1714 1529 1211 1956  338]
At i = 901:
[ 123 1714 1529 1211 1956  338]
[ 123 1714 1529 1211 1956  338]
[ 123 1714 1529 1211 1956  338]
[ 123 1714 1529 1211 1956  338]
[ 123 1714 1529 1211 1956  338]
[ 123 1714 1529 1211 1956  338]
[ 123 1714 1529 1211 1956  338]
[ 123 1714 1529 1211 1956  338]
[ 123 1714 1529 1211 1956  338]
[ 123 1714 1529 1211 1956  338]
[ 123 1714 1529 1211 1956  338]
[ 123 1714 1529 1211 1956  338]
[ 123 1714 1529 1211 1956  338]
[ 123 1714 1529 1211 1956  338]
[ 123 1714 1529 1211 1956  338]
[ 123 1714 1529 1211 1956  338]
[ 123 1714 1529 1211 1956  338]
[ 123 1714 1529 1211 1956  338]
[ 123 1714 1529 1211 1956  338]
[ 123 1714 1529 1211 1956  338]
[ 123 1714 1529 1211 1956  338]
[ 123 1714 1529 1211 1956  338]
[ 123 1714 1529 1211 1956  338]
[ 123 1714 1529 1211 1956  338]
[ 123 1714 1529 1211 1956  338]
[ 123 1714 1529 1211 1956  338]
[ 123 1714 1529 1211 1956  338]
[ 123 1714 1529 1211 1956  338]
[ 123 1714 1529 1211 1956  338]
[ 123 1714 1529 1211 1956  338]
At i = 921:
[ 123 1714 1529 1211 1956  338]
[ 123 1714 1529 1211 1956  338]
[ 123 1714 1529 1211 1956  338]
[ 123 1714 1529 1211 1956  338]
[ 123 1714 1529 1211 1956  338]
[ 123 1714 1529 1211 1956  338]
[ 123 1714 1529 1211 1956  338]
[ 123 1714 1529 1211 1956  338]
[ 123 1714 1529 1211 1956  338]
[ 123 1714 1529 1211 1956  338]
[ 123 1714 1529 1211 1956  338]
[ 123 1714 1529 1211 1956  338]
[ 123 1714 1529 1211 1956  338]
[ 123 1714 1529 1211 1956  338]
[ 123 1714 1529 1211 1956  338]
[ 123 1714 1529 1211 1956  338]
[ 123 1714 1529 1211 1956  338]
[ 123 1714 1529 1211 1956  338]
[ 123 1714 1529 1211 1956  338]
[ 123 1714 1529 1211 1956  338]
[ 123 1714 1529 1211 1956  338]
[ 123 1714 1529 1211 1956  338]
[ 123 1714 1529 1211 1956  338]
[ 123 1714 1529 1211 1956  338]
[ 123 1714 1529 1211 1956  338]
[ 123 1714 1529 1211 1956  338]
[ 123 1714 1529 1211 1956  338]
[ 123 1714 1529 1211 1956  338]
[ 123 1714 1529 1211 1956  338]
[ 123 1714 1529 1211 1956  338]
At i = 941:
[ 123 1714 1529 1211 1956  338]
[ 123 1714 1529 1211 1956  338]
[ 123 1714 1529 1211 1956  338]
[ 123 1714 1529 1211 1956  338]
[ 123 1714 1529 1211 1956  338]
[ 123 1714 1529 1211 1956  338]
[ 123 1714 1529 1211 1956  338]
[ 123 1714 1529 1211 1956  338]
[ 123 1714 1529 1211 1956  338]
[ 123 1714 1529 1211 1956  338]
[ 123 1714 1529 1211 1956  338]
[ 123 1714 1529 1211 1956  338]
[ 123 1714 1529 1211 1956  338]
[ 123 1714 1529 1211 1956  338]
[ 123 1714 1529 1211 1956  338]
[ 123 1714 1529 1211 1956  338]
[ 123 1714 1529 1211 1956  338]
[ 123 1714 1529 1211 1956  338]
[ 123 1714 1529 1211 1956  338]
[ 123 1714 1529 1211 1956  338]
[ 123 1714 1529 1211 1956  338]
[ 123 1714 1529 1211 1956  338]
[ 123 1714 1529 1211 1956  338]
[ 123 1714 1529 1211 1956  338]
[ 123 1714 1529 1211 1956  338]
[ 123 1714 1529 1211 1956  338]
[ 123 1714 1529 1211 1956  338]
[ 123 1714 1529 1211 1956  338]
[ 123 1714 1529 1211 1956  338]
[ 123 1714 1529 1211 1956  338]
At i = 961:
[ 123 1714 1529 1211 1956  338]
[ 123 1714 1529 1211 1956  338]
[ 123 1714 1529 1211 1956  338]
[ 123 1714 1529 1211 1956  338]
[ 123 1714 1529 1211 1956  338]
[ 123 1714 1529 1211 1956  338]
[ 123 1714 1529 1211 1956  338]
[ 123 1714 1529 1211 1956  338]
[ 123 1714 1529 1211 1956  338]
[ 123 1714 1529 1211 1956  338]
[ 123 1714 1529 1211 1956  338]
[ 123 1714 1529 1211 1956  338]
[ 123 1714 1529 1211 1956  338]
[ 123 1714 1529 1211 1956  338]
[ 123 1714 1529 1211 1956  338]
[ 123 1714 1529 1211 1956  338]
[ 123 1714 1529 1211 1956  338]
[ 123 1714 1529 1211 1956  338]
[ 123 1714 1529 1211 1956  338]
[ 123 1714 1529 1211 1956  338]
[ 123 1714 1529 1211 1956  338]
[ 123 1714 1529 1211 1956  338]
[ 123 1714 1529 1211 1956  338]
[ 123 1714 1529 1211 1956  338]
[ 123 1714 1529 1211 1956  338]
[ 123 1714 1529 1211 1956  338]
[ 123 1714 1529 1211 1956  338]
[ 123 1714 1529 1211 1956  338]
[ 123 1714 1529 1211 1956  338]
[ 123 1714 1529 1211 1956  338]
At i = 981:
[ 123 1714 1529 1211 1956  338]
[ 123 1714 1529 1211 1956  338]
[ 123 1714 1529 1211 1956  338]
[ 123 1714 1529 1211 1956  338]
[ 123 1714 1529 1211 1956  338]
[ 123 1714 1529 1211 1956  338]
[ 123 1714 1529 1211 1956  338]
[ 123 1714 1529 1211 1956  338]
[ 123 1714 1529 1211 1956  338]
[ 123 1714 1529 1211 1956  338]
[ 123 1714 1529 1211 1956  338]
[ 123 1714 1529 1211 1956  338]
[ 123 1714 1529 1211 1956  338]
[ 123 1714 1529 1211 1956  338]
[ 123 1714 1529 1211 1956  338]
[ 123 1714 1529 1211 1956  338]
[ 123 1714 1529 1211 1956  338]
[ 123 1714 1529 1211 1956  338]
[ 123 1714 1529 1211 1956  338]
[ 123 1714 1529 1211 1956  338]
[ 123 1714 1529 1211 1956  338]
[ 123 1714 1529 1211 1956  338]
[ 123 1714 1529 1211 1956  338]
[ 123 1714 1529 1211 1956  338]
[ 123 1714 1529 1211 1956  338]
[ 123 1714 1529 1211 1956  338]
[ 123 1714 1529 1211 1956  338]
[ 123 1714 1529 1211 1956  338]
[ 123 1714 1529 1211 1956  338]
[ 123 1714 1529 1211 1956  338]
At i = 1001:
[ 123 1714 1529 1211 1956  338]
[ 123 1714 1529 1211 1956  338]
[ 123 1714 1529 1211 1956  338]
[ 123 1714 1529 1211 1956  338]
[ 123 1714 1529 1211 1956  338]
[ 123 1714 1529 1211 1956  338]
[ 123 1714 1529 1211 1956  338]
[ 123 1714 1529 1211 1956  338]
[ 123 1714 1529 1211 1956  338]
[ 123 1714 1529 1211 1956  338]
[ 123 1714 1529 1211 1956  338]
[ 123 1714 1529 1211 1956  338]
[ 123 1714 1529 1211 1956  338]
[ 123 1714 1529 1211 1956  338]
[ 123 1714 1529 1211 1956  338]
[ 123 1714 1529 1211 1956  338]
[ 123 1714 1529 1211 1956  338]
[ 123 1714 1529 1211 1956  338]
[ 123 1714 1529 1211 1956  338]
[ 123 1714 1529 1211 1956  338]
[ 123 1714 1529 1211 1956  338]
[ 123 1714 1529 1211 1956  338]
[ 123 1714 1529 1211 1956  338]
[ 123 1714 1529 1211 1956  338]
[ 123 1714 1529 1211 1956  338]
[ 123 1714 1529 1211 1956  338]
[ 123 1714 1529 1211 1956  338]
[ 123 1714 1529 1211 1956  338]
[ 123 1714 1529 1211 1956  338]
[ 123 1714 1529 1211 1956  338]
At i = 1021:
[ 123 1714 1529 1211 1956  338]
[ 123 1714 1529 1211 1956  338]
[ 123 1714 1529 1211 1956  338]
[ 123 1714 1529 1211 1956  338]
[ 123 1714 1529 1211 1956  338]
[ 123 1714 1529 1211 1956  338]
[ 123 1714 1529 1211 1956  338]
[ 123 1714 1529 1211 1956  338]
[ 123 1714 1529 1211 1956  338]
[ 123 1714 1529 1211 1956  338]
[ 123 1714 1529 1211 1956  338]
[ 123 1714 1529 1211 1956  338]
[ 123 1714 1529 1211 1956  338]
[ 123 1714 1529 1211 1956  338]
[ 123 1714 1529 1211 1956  338]
[ 123 1714 1529 1211 1956  338]
[ 123 1714 1529 1211 1956  338]
[ 123 1714 1529 1211 1956  338]
[ 123 1714 1529 1211 1956  338]
[ 123 1714 1529 1211 1956  338]
[ 123 1714 1529 1211 1956  338]
[ 123 1714 1529 1211 1956  338]
[ 123 1714 1529 1211 1956  338]
[ 123 1714 1529 1211 1956  338]
[ 123 1714 1529 1211 1956  338]
[ 123 1714 1529 1211 1956  338]
[ 123 1714 1529 1211 1956  338]
[ 123 1714 1529 1211 1956  338]
[ 123 1714 1529 1211 1956  338]
[ 123 1714 1529 1211 1956  338]
At i = 1041:
[ 123 1714 1529 1211 1956  338]
[ 123 1714 1529 1211 1956  338]
[ 123 1714 1529 1211 1956  338]
[ 123 1714 1529 1211 1956  338]
[ 123 1714 1529 1211 1956  338]
[ 123 1714 1529 1211 1956  338]
[ 123 1714 1529 1211 1956  338]
[ 123 1714 1529 1211 1956  338]
[ 123 1714 1529 1211 1956  338]
[ 123 1714 1529 1211 1956  338]
[ 123 1714 1529 1211 1956  338]
[ 123 1714 1529 1211 1956  338]
[ 123 1714 1529 1211 1956  338]
[ 123 1714 1529 1211 1956  338]
[ 123 1714 1529 1211 1956  338]
[ 123 1714 1529 1211 1956  338]
[ 123 1714 1529 1211 1956  338]
[ 123 1714 1529 1211 1956  338]
[ 123 1714 1529 1211 1956  338]
[ 123 1714 1529 1211 1956  338]
[ 123 1714 1529 1211 1956  338]
[ 123 1714 1529 1211 1956  338]
[ 123 1714 1529 1211 1956  338]
[ 123 1714 1529 1211 1956  338]
[ 123 1714 1529 1211 1956  338]
[ 123 1714 1529 1211 1956  338]
[ 123 1714 1529 1211 1956  338]
[ 123 1714 1529 1211 1956  338]
[ 123 1714 1529 1211 1956  338]
[ 123 1714 1529 1211 1956  338]
At i = 1061:
[ 123 1714 1529 1211 1956  338]
[ 123 1714 1529 1211 1956  338]
[ 123 1714 1529 1211 1956  338]
[ 123 1714 1529 1211 1956  338]
[ 123 1714 1529 1211 1956  338]
[ 123 1714 1529 1211 1956  338]
[ 123 1714 1529 1211 1956  338]
[ 123 1714 1529 1211 1956  338]
[ 123 1714 1529 1211 1956  338]
[ 123 1714 1529 1211 1956  338]
[ 123 1714 1529 1211 1956  338]
[ 123 1714 1529 1211 1956  338]
[ 123 1714 1529 1211 1956  338]
[ 123 1714 1529 1211 1956  338]
[ 123 1714 1529 1211 1956  338]
[ 123 1714 1529 1211 1956  338]
[ 123 1714 1529 1211 1956  338]
[ 123 1714 1529 1211 1956  338]
[ 123 1714 1529 1211 1956  338]
[ 123 1714 1529 1211 1956  338]
[ 123 1714 1529 1211 1956  338]
[ 123 1714 1529 1211 1956  338]
[ 123 1714 1529 1211 1956  338]
[ 123 1714 1529 1211 1956  338]
[ 123 1714 1529 1211 1956  338]
[ 123 1714 1529 1211 1956  338]
[ 123 1714 1529 1211 1956  338]
[ 123 1714 1529 1211 1956  338]
[ 123 1714 1529 1211 1956  338]
[ 123 1714 1529 1211 1956  338]
At i = 1081:
[ 123 1714 1529 1211 1956  338]
[ 123 1714 1529 1211 1956  338]
[ 123 1714 1529 1211 1956  338]
[ 123 1714 1529 1211 1956  338]
[ 123 1714 1529 1211 1956  338]
[ 123 1714 1529 1211 1956  338]
[ 123 1714 1529 1211 1956  338]
[ 123 1714 1529 1211 1956  338]
[ 123 1714 1529 1211 1956  338]
[ 123 1714 1529 1211 1956  338]
[ 123 1714 1529 1211 1956  338]
[ 123 1714 1529 1211 1956  338]
[ 123 1714 1529 1211 1956  338]
[ 123 1714 1529 1211 1956  338]
[ 123 1714 1529 1211 1956  338]
[ 123 1714 1529 1211 1956  338]
[ 123 1714 1529 1211 1956  338]
[ 123 1714 1529 1211 1956  338]
[ 123 1714 1529 1211 1956  338]
[ 123 1714 1529 1211 1956  338]
[ 123 1714 1529 1211 1956  338]
[ 123 1714 1529 1211 1956  338]
[ 123 1714 1529 1211 1956  338]
[ 123 1714 1529 1211 1956  338]
[ 123 1714 1529 1211 1956  338]
[ 123 1714 1529 1211 1956  338]
[ 123 1714 1529 1211 1956  338]
[ 123 1714 1529 1211 1956  338]
[ 123 1714 1529 1211 1956  338]
[ 123 1714 1529 1211 1956  338]
At i = 1101:
[ 123 1714 1529 1211 1956  338]
[ 123 1714 1529 1211 1956  338]
[ 123 1714 1529 1211 1956  338]
[ 123 1714 1529 1211 1956  338]
[ 123 1714 1529 1211 1956  338]
[ 123 1714 1529 1211 1956  338]
[ 123 1714 1529 1211 1956  338]
[ 123 1714 1529 1211 1956  338]
[ 123 1714 1529 1211 1956  338]
[ 123 1714 1529 1211 1956  338]
[ 123 1714 1529 1211 1956  338]
[ 123 1714 1529 1211 1956  338]
[ 123 1714 1529 1211 1956  338]
[ 123 1714 1529 1211 1956  338]
[ 123 1714 1529 1211 1956  338]
[ 123 1714 1529 1211 1956  338]
[ 123 1714 1529 1211 1956  338]
[ 123 1714 1529 1211 1956  338]
[ 123 1714 1529 1211 1956  338]
[ 123 1714 1529 1211 1956  338]
[ 123 1714 1529 1211 1956  338]
[ 123 1714 1529 1211 1956  338]
[ 123 1714 1529 1211 1956  338]
[ 123 1714 1529 1211 1956  338]
[ 123 1714 1529 1211 1956  338]
[ 123 1714 1529 1211 1956  338]
[ 123 1714 1529 1211 1956  338]
[ 123 1714 1529 1211 1956  338]
[ 123 1714 1529 1211 1956  338]
[ 123 1714 1529 1211 1956  338]
At i = 1121:
[ 123 1714 1529 1211 1956  338]
[ 123 1714 1529 1211 1956  338]
[ 123 1714 1529 1211 1956  338]
[ 123 1714 1529 1211 1956  338]
[ 123 1714 1529 1211 1956  338]
[ 123 1714 1529 1211 1956  338]
[ 123 1714 1529 1211 1956  338]
[ 123 1714 1529 1211 1956  338]
[ 123 1714 1529 1211 1956  338]
[ 123 1714 1529 1211 1956  338]
[ 123 1714 1529 1211 1956  338]
[ 123 1714 1529 1211 1956  338]
[ 123 1714 1529 1211 1956  338]
[ 123 1714 1529 1211 1956  338]
[ 123 1714 1529 1211 1956  338]
[ 123 1714 1529 1211 1956  338]
[ 123 1714 1529 1211 1956  338]
[ 123 1714 1529 1211 1956  338]
[ 123 1714 1529 1211 1956  338]
[ 123 1714 1529 1211 1956  338]
[ 123 1714 1529 1211 1956  338]
[ 123 1714 1529 1211 1956  338]
[ 123 1714 1529 1211 1956  338]
[ 123 1714 1529 1211 1956  338]
[ 123 1714 1529 1211 1956  338]
[ 123 1714 1529 1211 1956  338]
[ 123 1714 1529 1211 1956  338]
[ 123 1714 1529 1211 1956  338]
[ 123 1714 1529 1211 1956  338]
[ 123 1714 1529 1211 1956  338]
At i = 1141:
[ 123 1714 1529 1211 1956  338]
[ 123 1714 1529 1211 1956  338]
[ 123 1714 1529 1211 1956  338]
[ 123 1714 1529 1211 1956  338]
[ 123 1714 1529 1211 1956  338]
[ 123 1714 1529 1211 1956  338]
[ 123 1714 1529 1211 1956  338]
[ 123 1714 1529 1211 1956  338]
[ 123 1714 1529 1211 1956  338]
[ 123 1714 1529 1211 1956  338]
[ 123 1714 1529 1211 1956  338]
[ 123 1714 1529 1211 1956  338]
[ 123 1714 1529 1211 1956  338]
[ 123 1714 1529 1211 1956  338]
[ 123 1714 1529 1211 1956  338]
[ 123 1714 1529 1211 1956  338]
[ 123 1714 1529 1211 1956  338]
[ 123 1714 1529 1211 1956  338]
[ 123 1714 1529 1211 1956  338]
[ 123 1714 1529 1211 1956  338]
[ 123 1714 1529 1211 1956  338]
[ 123 1714 1529 1211 1956  338]
[ 123 1714 1529 1211 1956  338]
[ 123 1714 1529 1211 1956  338]
[ 123 1714 1529 1211 1956  338]
[ 123 1714 1529 1211 1956  338]
[ 123 1714 1529 1211 1956  338]
[ 123 1714 1529 1211 1956  338]
[ 123 1714 1529 1211 1956  338]
[ 123 1714 1529 1211 1956  338]
At i = 1161:
[ 123 1714 1529 1211 1956  338]
[ 123 1714 1529 1211 1956  338]
[ 123 1714 1529 1211 1956  338]
[ 123 1714 1529 1211 1956  338]
[ 123 1714 1529 1211 1956  338]
[ 123 1714 1529 1211 1956  338]
[ 123 1714 1529 1211 1956  338]
[ 123 1714 1529 1211 1956  338]
[ 123 1714 1529 1211 1956  338]
[ 123 1714 1529 1211 1956  338]
[ 123 1714 1529 1211 1956  338]
[ 123 1714 1529 1211 1956  338]
[ 123 1714 1529 1211 1956  338]
[ 123 1714 1529 1211 1956  338]
[ 123 1714 1529 1211 1956  338]
[ 123 1714 1529 1211 1956  338]
[ 123 1714 1529 1211 1956  338]
[ 123 1714 1529 1211 1956  338]
[ 123 1714 1529 1211 1956  338]
[ 123 1714 1529 1211 1956  338]
[ 123 1714 1529 1211 1956  338]
[ 123 1714 1529 1211 1956  338]
[ 123 1714 1529 1211 1956  338]
[ 123 1714 1529 1211 1956  338]
[ 123 1714 1529 1211 1956  338]
[ 123 1714 1529 1211 1956  338]
[ 123 1714 1529 1211 1956  338]
[ 123 1714 1529 1211 1956  338]
[ 123 1714 1529 1211 1956  338]
[ 123 1714 1529 1211 1956  338]
At i = 1181:
[ 123 1714 1529 1211 1956  338]
[ 123 1714 1529 1211 1956  338]
[ 123 1714 1529 1211 1956  338]
[ 123 1714 1529 1211 1956  338]
[ 123 1714 1529 1211 1956  338]
[ 123 1714 1529 1211 1956  338]
[ 123 1714 1529 1211 1956  338]
[ 123 1714 1529 1211 1956  338]
[ 123 1714 1529 1211 1956  338]
[ 123 1714 1529 1211 1956  338]
[ 123 1714 1529 1211 1956  338]
[ 123 1714 1529 1211 1956  338]
[ 123 1714 1529 1211 1956  338]
[ 123 1714 1529 1211 1956  338]
[ 123 1714 1529 1211 1956  338]
[ 123 1714 1529 1211 1956  338]
[ 123 1714 1529 1211 1956  338]
[ 123 1714 1529 1211 1956  338]
[ 123 1714 1529 1211 1956  338]
[ 123 1714 1529 1211 1956  338]
[ 123 1714 1529 1211 1956  338]
[ 123 1714 1529 1211 1956  338]
[ 123 1714 1529 1211 1956  338]
[ 123 1714 1529 1211 1956  338]
[ 123 1714 1529 1211 1956  338]
[ 123 1714 1529 1211 1956  338]
[ 123 1714 1529 1211 1956  338]
[ 123 1714 1529 1211 1956  338]
[ 123 1714 1529 1211 1956  338]
[ 123 1714 1529 1211 1956  338]
At i = 1201:
[ 123 1714 1529 1211 1956  338]
[ 123 1714 1529 1211 1956  338]
[ 123 1714 1529 1211 1956  338]
[ 123 1714 1529 1211 1956  338]
[ 123 1714 1529 1211 1956  338]
[ 123 1714 1529 1211 1956  338]
[ 123 1714 1529 1211 1956  338]
[ 123 1714 1529 1211 1956  338]
[ 123 1714 1529 1211 1956  338]
[ 123 1714 1529 1211 1956  338]
[ 123 1714 1529 1211 1956  338]
[ 123 1714 1529 1211 1956  338]
[ 123 1714 1529 1211 1956  338]
[ 123 1714 1529 1211 1956  338]
[ 123 1714 1529 1211 1956  338]
[ 123 1714 1529 1211 1956  338]
[ 123 1714 1529 1211 1956  338]
[ 123 1714 1529 1211 1956  338]
[ 123 1714 1529 1211 1956  338]
[ 123 1714 1529 1211 1956  338]
[ 123 1714 1529 1211 1956  338]
[ 123 1714 1529 1211 1956  338]
[ 123 1714 1529 1211 1956  338]
[ 123 1714 1529 1211 1956  338]
[ 123 1714 1529 1211 1956  338]
[ 123 1714 1529 1211 1956  338]
[ 123 1714 1529 1211 1956  338]
[ 123 1714 1529 1211 1956  338]
[ 123 1714 1529 1211 1956  338]
[ 123 1714 1529 1211 1956  338]
At i = 1221:
[ 123 1714 1529 1211 1956  338]
[ 123 1714 1529 1211 1956  338]
[ 123 1714 1529 1211 1956  338]
[ 123 1714 1529 1211 1956  338]
[ 123 1714 1529 1211 1956  338]
[ 123 1714 1529 1211 1956  338]
[ 123 1714 1529 1211 1956  338]
[ 123 1714 1529 1211 1956  338]
[ 123 1714 1529 1211 1956  338]
[ 123 1714 1529 1211 1956  338]
[ 123 1714 1529 1211 1956  338]
[ 123 1714 1529 1211 1956  338]
[ 123 1714 1529 1211 1956  338]
[ 123 1714 1529 1211 1956  338]
[ 123 1714 1529 1211 1956  338]
[ 123 1714 1529 1211 1956  338]
[ 123 1714 1529 1211 1956  338]
[ 123 1714 1529 1211 1956  338]
[ 123 1714 1529 1211 1956  338]
[ 123 1714 1529 1211 1956  338]
[ 123 1714 1529 1211 1956  338]
[ 123 1714 1529 1211 1956  338]
[ 123 1714 1529 1211 1956  338]
[ 123 1714 1529 1211 1956  338]
[ 123 1714 1529 1211 1956  338]
[ 123 1714 1529 1211 1956  338]
[ 123 1714 1529 1211 1956  338]
[ 123 1714 1529 1211 1956  338]
[ 123 1714 1529 1211 1956  338]
[ 123 1714 1529 1211 1956  338]
At i = 1241:
[ 123 1714 1529 1211 1956  338]
[ 123 1714 1529 1211 1956  338]
[ 123 1714 1529 1211 1956  338]
[ 123 1714 1529 1211 1956  338]
[ 123 1714 1529 1211 1956  338]
[ 123 1714 1529 1211 1956  338]
[ 123 1714 1529 1211 1956  338]
[ 123 1714 1529 1211 1956  338]
[ 123 1714 1529 1211 1956  338]
[ 123 1714 1529 1211 1956  338]
[ 123 1714 1529 1211 1956  338]
[ 123 1714 1529 1211 1956  338]
[ 123 1714 1529 1211 1956  338]
[ 123 1714 1529 1211 1956  338]
[ 123 1714 1529 1211 1956  338]
[ 123 1714 1529 1211 1956  338]
[ 123 1714 1529 1211 1956  338]
[ 123 1714 1529 1211 1956  338]
[ 123 1714 1529 1211 1956  338]
[ 123 1714 1529 1211 1956  338]
[ 123 1714 1529 1211 1956  338]
[ 123 1714 1529 1211 1956  338]
[ 123 1714 1529 1211 1956  338]
[ 123 1714 1529 1211 1956  338]
[ 123 1714 1529 1211 1956  338]
[ 123 1714 1529 1211 1956  338]
[ 123 1714 1529 1211 1956  338]
[ 123 1714 1529 1211 1956  338]
[ 123 1714 1529 1211 1956  338]
[ 123 1714 1529 1211 1956  338]
At i = 1261:
[ 123 1714 1529 1211 1956  338]
[ 123 1714 1529 1211 1956  338]
[ 123 1714 1529 1211 1956  338]
[ 123 1714 1529 1211 1956  338]
[ 123 1714 1529 1211 1956  338]
[ 123 1714 1529 1211 1956  338]
[ 123 1714 1529 1211 1956  338]
[ 123 1714 1529 1211 1956  338]
[ 123 1714 1529 1211 1956  338]
[ 123 1714 1529 1211 1956  338]
[ 123 1714 1529 1211 1956  338]
[ 123 1714 1529 1211 1956  338]
[ 123 1714 1529 1211 1956  338]
[ 123 1714 1529 1211 1956  338]
[ 123 1714 1529 1211 1956  338]
[ 123 1714 1529 1211 1956  338]
[ 123 1714 1529 1211 1956  338]
[ 123 1714 1529 1211 1956  338]
[ 123 1714 1529 1211 1956  338]
[ 123 1714 1529 1211 1956  338]
[ 123 1714 1529 1211 1956  338]
[ 123 1714 1529 1211 1956  338]
[ 123 1714 1529 1211 1956  338]
[ 123 1714 1529 1211 1956  338]
[ 123 1714 1529 1211 1956  338]
[ 123 1714 1529 1211 1956  338]
[ 123 1714 1529 1211 1956  338]
[ 123 1714 1529 1211 1956  338]
[ 123 1714 1529 1211 1956  338]
[ 123 1714 1529 1211 1956  338]
At i = 1281:
[ 123 1714 1529 1211 1956  338]
[ 123 1714 1529 1211 1956  338]
[ 123 1714 1529 1211 1956  338]
[ 123 1714 1529 1211 1956  338]
[ 123 1714 1529 1211 1956  338]
[ 123 1714 1529 1211 1956  338]
[ 123 1714 1529 1211 1956  338]
[ 123 1714 1529 1211 1956  338]
[ 123 1714 1529 1211 1956  338]
[ 123 1714 1529 1211 1956  338]
[ 123 1714 1529 1211 1956  338]
[ 123 1714 1529 1211 1956  338]
[ 123 1714 1529 1211 1956  338]
[ 123 1714 1529 1211 1956  338]
[ 123 1714 1529 1211 1956  338]
[ 123 1714 1529 1211 1956  338]
[ 123 1714 1529 1211 1956  338]
[ 123 1714 1529 1211 1956  338]
[ 123 1714 1529 1211 1956  338]
[ 123 1714 1529 1211 1956  338]
[ 123 1714 1529 1211 1956  338]
[ 123 1714 1529 1211 1956  338]
[ 123 1714 1529 1211 1956  338]
[ 123 1714 1529 1211 1956  338]
[ 123 1714 1529 1211 1956  338]
[ 123 1714 1529 1211 1956  338]
[ 123 1714 1529 1211 1956  338]
[ 123 1714 1529 1211 1956  338]
[ 123 1714 1529 1211 1956  338]
[ 123 1714 1529 1211 1956  338]
At i = 1301:
[ 123 1714 1529 1211 1956  338]
[ 123 1714 1529 1211 1956  338]
[ 123 1714 1529 1211 1956  338]
[ 123 1714 1529 1211 1956  338]
[ 123 1714 1529 1211 1956  338]
[ 123 1714 1529 1211 1956  338]
[ 123 1714 1529 1211 1956  338]
[ 123 1714 1529 1211 1956  338]
[ 123 1714 1529 1211 1956  338]
[ 123 1714 1529 1211 1956  338]
[ 123 1714 1529 1211 1956  338]
[ 123 1714 1529 1211 1956  338]
[ 123 1714 1529 1211 1956  338]
[ 123 1714 1529 1211 1956  338]
[ 123 1714 1529 1211 1956  338]
[ 123 1714 1529 1211 1956  338]
[ 123 1714 1529 1211 1956  338]
[ 123 1714 1529 1211 1956  338]
[ 123 1714 1529 1211 1956  338]
[ 123 1714 1529 1211 1956  338]
[ 123 1714 1529 1211 1956  338]
[ 123 1714 1529 1211 1956  338]
[ 123 1714 1529 1211 1956  338]
[ 123 1714 1529 1211 1956  338]
[ 123 1714 1529 1211 1956  338]
[ 123 1714 1529 1211 1956  338]
[ 123 1714 1529 1211 1956  338]
[ 123 1714 1529 1211 1956  338]
[ 123 1714 1529 1211 1956  338]
[ 123 1714 1529 1211 1956  338]
At i = 1321:
[ 123 1714 1529 1211 1956  338]
[ 123 1714 1529 1211 1956  338]
[ 123 1714 1529 1211 1956  338]
[ 123 1714 1529 1211 1956  338]
[ 123 1714 1529 1211 1956  338]
[ 123 1714 1529 1211 1956  338]
[ 123 1714 1529 1211 1956  338]
[ 123 1714 1529 1211 1956  338]
[ 123 1714 1529 1211 1956  338]
[ 123 1714 1529 1211 1956  338]
[ 123 1714 1529 1211 1956  338]
[ 123 1714 1529 1211 1956  338]
[ 123 1714 1529 1211 1956  338]
[ 123 1714 1529 1211 1956  338]
[ 123 1714 1529 1211 1956  338]
[ 123 1714 1529 1211 1956  338]
[ 123 1714 1529 1211 1956  338]
[ 123 1714 1529 1211 1956  338]
[ 123 1714 1529 1211 1956  338]
[ 123 1714 1529 1211 1956  338]
[ 123 1714 1529 1211 1956  338]
[ 123 1714 1529 1211 1956  338]
[ 123 1714 1529 1211 1956  338]
[ 123 1714 1529 1211 1956  338]
[ 123 1714 1529 1211 1956  338]
[ 123 1714 1529 1211 1956  338]
[ 123 1714 1529 1211 1956  338]
[ 123 1714 1529 1211 1956  338]
[ 123 1714 1529 1211 1956  338]
[ 123 1714 1529 1211 1956  338]
At i = 1341:
[ 123 1714 1529 1211 1956  338]
[ 123 1714 1529 1211 1956  338]
[ 123 1714 1529 1211 1956  338]
[ 123 1714 1529 1211 1956  338]
[ 123 1714 1529 1211 1956  338]
[ 123 1714 1529 1211 1956  338]
[ 123 1714 1529 1211 1956  338]
[ 123 1714 1529 1211 1956  338]
[ 123 1714 1529 1211 1956  338]
[ 123 1714 1529 1211 1956  338]
[ 123 1714 1529 1211 1956  338]
[ 123 1714 1529 1211 1956  338]
[ 123 1714 1529 1211 1956  338]
[ 123 1714 1529 1211 1956  338]
[ 123 1714 1529 1211 1956  338]
[ 123 1714 1529 1211 1956  338]
[ 123 1714 1529 1211 1956  338]
[ 123 1714 1529 1211 1956  338]
[ 123 1714 1529 1211 1956  338]
[ 123 1714 1529 1211 1956  338]
[ 123 1714 1529 1211 1956  338]
[ 123 1714 1529 1211 1956  338]
[ 123 1714 1529 1211 1956  338]
[ 123 1714 1529 1211 1956  338]
[ 123 1714 1529 1211 1956  338]
[ 123 1714 1529 1211 1956  338]
[ 123 1714 1529 1211 1956  338]
[ 123 1714 1529 1211 1956  338]
[ 123 1714 1529 1211 1956  338]
[ 123 1714 1529 1211 1956  338]
At i = 1361:
[ 123 1714 1529 1211 1956  338]
[ 123 1714 1529 1211 1956  338]
[ 123 1714 1529 1211 1956  338]
[ 123 1714 1529 1211 1956  338]
[ 123 1714 1529 1211 1956  338]
[ 123 1714 1529 1211 1956  338]
[ 123 1714 1529 1211 1956  338]
[ 123 1714 1529 1211 1956  338]
[ 123 1714 1529 1211 1956  338]
[ 123 1714 1529 1211 1956  338]
[ 123 1714 1529 1211 1956  338]
[ 123 1714 1529 1211 1956  338]
[ 123 1714 1529 1211 1956  338]
[ 123 1714 1529 1211 1956  338]
[ 123 1714 1529 1211 1956  338]
[ 123 1714 1529 1211 1956  338]
[ 123 1714 1529 1211 1956  338]
[ 123 1714 1529 1211 1956  338]
[ 123 1714 1529 1211 1956  338]
[ 123 1714 1529 1211 1956  338]
[ 123 1714 1529 1211 1956  338]
[ 123 1714 1529 1211 1956  338]
[ 123 1714 1529 1211 1956  338]
[ 123 1714 1529 1211 1956  338]
[ 123 1714 1529 1211 1956  338]
[ 123 1714 1529 1211 1956  338]
[ 123 1714 1529 1211 1956  338]
[ 123 1714 1529 1211 1956  338]
[ 123 1714 1529 1211 1956  338]
[ 123 1714 1529 1211 1956  338]
At i = 1381:
[ 123 1714 1529 1211 1956  338]
[ 123 1714 1529 1211 1956  338]
[ 123 1714 1529 1211 1956  338]
[ 123 1714 1529 1211 1956  338]
[ 123 1714 1529 1211 1956  338]
[ 123 1714 1529 1211 1956  338]
[ 123 1714 1529 1211 1956  338]
[ 123 1714 1529 1211 1956  338]
[ 123 1714 1529 1211 1956  338]
[ 123 1714 1529 1211 1956  338]
[ 123 1714 1529 1211 1956  338]
[ 123 1714 1529 1211 1956  338]
[ 123 1714 1529 1211 1956  338]
[ 123 1714 1529 1211 1956  338]
[ 123 1714 1529 1211 1956  338]
[ 123 1714 1529 1211 1956  338]
[ 123 1714 1529 1211 1956  338]
[ 123 1714 1529 1211 1956  338]
[ 123 1714 1529 1211 1956  338]
[ 123 1714 1529 1211 1956  338]
[ 123 1714 1529 1211 1956  338]
[ 123 1714 1529 1211 1956  338]
[ 123 1714 1529 1211 1956  338]
[ 123 1714 1529 1211 1956  338]
[ 123 1714 1529 1211 1956  338]
[ 123 1714 1529 1211 1956  338]
[ 123 1714 1529 1211 1956  338]
[ 123 1714 1529 1211 1956  338]
[ 123 1714 1529 1211 1956  338]
[ 123 1714 1529 1211 1956  338]
At i = 1401:
[ 123 1714 1529 1211 1956  338]
[ 123 1714 1529 1211 1956  338]
[ 123 1714 1529 1211 1956  338]
[ 123 1714 1529 1211 1956  338]
[ 123 1714 1529 1211 1956  338]
[ 123 1714 1529 1211 1956  338]
[ 123 1714 1529 1211 1956  338]
[ 123 1714 1529 1211 1956  338]
[ 123 1714 1529 1211 1956  338]
[ 123 1714 1529 1211 1956  338]
[ 123 1714 1529 1211 1956  338]
[ 123 1714 1529 1211 1956  338]
[ 123 1714 1529 1211 1956  338]
[ 123 1714 1529 1211 1956  338]
[ 123 1714 1529 1211 1956  338]
[ 123 1714 1529 1211 1956  338]
[ 123 1714 1529 1211 1956  338]
[ 123 1714 1529 1211 1956  338]
[ 123 1714 1529 1211 1956  338]
[ 123 1714 1529 1211 1956  338]
[ 123 1714 1529 1211 1956  338]
[ 123 1714 1529 1211 1956  338]
[ 123 1714 1529 1211 1956  338]
[ 123 1714 1529 1211 1956  338]
[ 123 1714 1529 1211 1956  338]
[ 123 1714 1529 1211 1956  338]
[ 123 1714 1529 1211 1956  338]
[ 123 1714 1529 1211 1956  338]
[ 123 1714 1529 1211 1956  338]
[ 123 1714 1529 1211 1956  338]
At i = 1421:
[ 123 1714 1529 1211 1956  338]
[ 123 1714 1529 1211 1956  338]
[ 123 1714 1529 1211 1956  338]
[ 123 1714 1529 1211 1956  338]
[ 123 1714 1529 1211 1956  338]
[ 123 1714 1529 1211 1956  338]
[ 123 1714 1529 1211 1956  338]
[ 123 1714 1529 1211 1956  338]
[ 123 1714 1529 1211 1956  338]
[ 123 1714 1529 1211 1956  338]
[ 123 1714 1529 1211 1956  338]
[ 123 1714 1529 1211 1956  338]
[ 123 1714 1529 1211 1956  338]
[ 123 1714 1529 1211 1956  338]
[ 123 1714 1529 1211 1956  338]
[ 123 1714 1529 1211 1956  338]
[ 123 1714 1529 1211 1956  338]
[ 123 1714 1529 1211 1956  338]
[ 123 1714 1529 1211 1956  338]
[ 123 1714 1529 1211 1956  338]
[ 123 1714 1529 1211 1956  338]
[ 123 1714 1529 1211 1956  338]
[ 123 1714 1529 1211 1956  338]
[ 123 1714 1529 1211 1956  338]
[ 123 1714 1529 1211 1956  338]
[ 123 1714 1529 1211 1956  338]
[ 123 1714 1529 1211 1956  338]
[ 123 1714 1529 1211 1956  338]
[ 123 1714 1529 1211 1956  338]
[ 123 1714 1529 1211 1956  338]
At i = 1441:
[ 123 1714 1529 1211 1956  338]
[ 123 1714 1529 1211 1956  338]
[ 123 1714 1529 1211 1956  338]
[ 123 1714 1529 1211 1956  338]
[ 123 1714 1529 1211 1956  338]
[ 123 1714 1529 1211 1956  338]
[ 123 1714 1529 1211 1956  338]
[ 123 1714 1529 1211 1956  338]
[ 123 1714 1529 1211 1956  338]
[ 123 1714 1529 1211 1956  338]
[ 123 1714 1529 1211 1956  338]
[ 123 1714 1529 1211 1956  338]
[ 123 1714 1529 1211 1956  338]
[ 123 1714 1529 1211 1956  338]
[ 123 1714 1529 1211 1956  338]
[ 123 1714 1529 1211 1956  338]
[ 123 1714 1529 1211 1956  338]
[ 123 1714 1529 1211 1956  338]
[ 123 1714 1529 1211 1956  338]
[ 123 1714 1529 1211 1956  338]
[ 123 1714 1529 1211 1956  338]
[ 123 1714 1529 1211 1956  338]
[ 123 1714 1529 1211 1956  338]
[ 123 1714 1529 1211 1956  338]
[ 123 1714 1529 1211 1956  338]
[ 123 1714 1529 1211 1956  338]
[ 123 1714 1529 1211 1956  338]
[ 123 1714 1529 1211 1956  338]
[ 123 1714 1529 1211 1956  338]
[ 123 1714 1529 1211 1956  338]
At i = 1461:
[ 123 1714 1529 1211 1956  338]
[ 123 1714 1529 1211 1956  338]
[ 123 1714 1529 1211 1956  338]
[ 123 1714 1529 1211 1956  338]
[ 123 1714 1529 1211 1956  338]
[ 123 1714 1529 1211 1956  338]
[ 123 1714 1529 1211 1956  338]
[ 123 1714 1529 1211 1956  338]
[ 123 1714 1529 1211 1956  338]
[ 123 1714 1529 1211 1956  338]
[ 123 1714 1529 1211 1956  338]
[ 123 1714 1529 1211 1956  338]
[ 123 1714 1529 1211 1956  338]
[ 123 1714 1529 1211 1956  338]
[ 123 1714 1529 1211 1956  338]
[ 123 1714 1529 1211 1956  338]
[ 123 1714 1529 1211 1956  338]
[ 123 1714 1529 1211 1956  338]
[ 123 1714 1529 1211 1956  338]
[ 123 1714 1529 1211 1956  338]
[ 123 1714 1529 1211 1956  338]
[ 123 1714 1529 1211 1956  338]
[ 123 1714 1529 1211 1956  338]
[ 123 1714 1529 1211 1956  338]
[ 123 1714 1529 1211 1956  338]
[ 123 1714 1529 1211 1956  338]
[ 123 1714 1529 1211 1956  338]
[ 123 1714 1529 1211 1956  338]
[ 123 1714 1529 1211 1956  338]
[ 123 1714 1529 1211 1956  338]
At i = 1481:
[ 123 1714 1529 1211 1956  338]
[ 123 1714 1529 1211 1956  338]
[ 123 1714 1529 1211 1956  338]
[ 123 1714 1529 1211 1956  338]
[ 123 1714 1529 1211 1956  338]
[ 123 1714 1529 1211 1956  338]
[ 123 1714 1529 1211 1956  338]
[ 123 1714 1529 1211 1956  338]
[ 123 1714 1529 1211 1956  338]
[ 123 1714 1529 1211 1956  338]
[ 123 1714 1529 1211 1956  338]
[ 123 1714 1529 1211 1956  338]
[ 123 1714 1529 1211 1956  338]
[ 123 1714 1529 1211 1956  338]
[ 123 1714 1529 1211 1956  338]
[ 123 1714 1529 1211 1956  338]
[ 123 1714 1529 1211 1956  338]
[ 123 1714 1529 1211 1956  338]
[ 123 1714 1529 1211 1956  338]
[ 123 1714 1529 1211 1956  338]
[ 123 1714 1529 1211 1956  338]
[ 123 1714 1529 1211 1956  338]
[ 123 1714 1529 1211 1956  338]
[ 123 1714 1529 1211 1956  338]
[ 123 1714 1529 1211 1956  338]
[ 123 1714 1529 1211 1956  338]
[ 123 1714 1529 1211 1956  338]
[ 123 1714 1529 1211 1956  338]
[ 123 1714 1529 1211 1956  338]
[ 123 1714 1529 1211 1956  338]
At i = 1501:
[ 123 1714 1529 1211 1956  338]
[ 123 1714 1529 1211 1956  338]
[ 123 1714 1529 1211 1956  338]
[ 123 1714 1529 1211 1956  338]
[ 123 1714 1529 1211 1956  338]
[ 123 1714 1529 1211 1956  338]
[ 123 1714 1529 1211 1956  338]
[ 123 1714 1529 1211 1956  338]
[ 123 1714 1529 1211 1956  338]
[ 123 1714 1529 1211 1956  338]
[ 123 1714 1529 1211 1956  338]
[ 123 1714 1529 1211 1956  338]
[ 123 1714 1529 1211 1956  338]
[ 123 1714 1529 1211 1956  338]
[ 123 1714 1529 1211 1956  338]
[ 123 1714 1529 1211 1956  338]
[ 123 1714 1529 1211 1956  338]
[ 123 1714 1529 1211 1956  338]
[ 123 1714 1529 1211 1956  338]
[ 123 1714 1529 1211 1956  338]
[ 123 1714 1529 1211 1956  338]
[ 123 1714 1529 1211 1956  338]
[ 123 1714 1529 1211 1956  338]
[ 123 1714 1529 1211 1956  338]
[ 123 1714 1529 1211 1956  338]
[ 123 1714 1529 1211 1956  338]
[ 123 1714 1529 1211 1956  338]
[ 123 1714 1529 1211 1956  338]
[ 123 1714 1529 1211 1956  338]
[ 123 1714 1529 1211 1956  338]
At i = 1521:
[ 123 1714 1529 1211 1956  338]
[ 123 1714 1529 1211 1956  338]
[ 123 1714 1529 1211 1956  338]
[ 123 1714 1529 1211 1956  338]
[ 123 1714 1529 1211 1956  338]
[ 123 1714 1529 1211 1956  338]
[ 123 1714 1529 1211 1956  338]
[ 123 1714 1529 1211 1956  338]
[ 123 1714 1529 1211 1956  338]
[ 123 1714 1529 1211 1956  338]
[ 123 1714 1529 1211 1956  338]
[ 123 1714 1529 1211 1956  338]
[ 123 1714 1529 1211 1956  338]
[ 123 1714 1529 1211 1956  338]
[ 123 1714 1529 1211 1956  338]
[ 123 1714 1529 1211 1956  338]
[ 123 1714 1529 1211 1956  338]
[ 123 1714 1529 1211 1956  338]
[ 123 1714 1529 1211 1956  338]
[ 123 1714 1529 1211 1956  338]
[ 123 1714 1529 1211 1956  338]
[ 123 1714 1529 1211 1956  338]
[ 123 1714 1529 1211 1956  338]
[ 123 1714 1529 1211 1956  338]
[ 123 1714 1529 1211 1956  338]
[ 123 1714 1529 1211 1956  338]
[ 123 1714 1529 1211 1956  338]
[ 123 1714 1529 1211 1956  338]
[ 123 1714 1529 1211 1956  338]
[ 123 1714 1529 1211 1956  338]
At i = 1541:
[ 123 1714 1529 1211 1956  338]
[ 123 1714 1529 1211 1956  338]
[ 123 1714 1529 1211 1956  338]
[ 123 1714 1529 1211 1956  338]
[ 123 1714 1529 1211 1956  338]
[ 123 1714 1529 1211 1956  338]
[ 123 1714 1529 1211 1956  338]
[ 123 1714 1529 1211 1956  338]
[ 123 1714 1529 1211 1956  338]
[ 123 1714 1529 1211 1956  338]
[ 123 1714 1529 1211 1956  338]
[ 123 1714 1529 1211 1956  338]
[ 123 1714 1529 1211 1956  338]
[ 123 1714 1529 1211 1956  338]
[ 123 1714 1529 1211 1956  338]
[ 123 1714 1529 1211 1956  338]
[ 123 1714 1529 1211 1956  338]
[ 123 1714 1529 1211 1956  338]
[ 123 1714 1529 1211 1956  338]
[ 123 1714 1529 1211 1956  338]
[ 123 1714 1529 1211 1956  338]
[ 123 1714 1529 1211 1956  338]
[ 123 1714 1529 1211 1956  338]
[ 123 1714 1529 1211 1956  338]
[ 123 1714 1529 1211 1956  338]
[ 123 1714 1529 1211 1956  338]
[ 123 1714 1529 1211 1956  338]
[ 123 1714 1529 1211 1956  338]
[ 123 1714 1529 1211 1956  338]
[ 123 1714 1529 1211 1956  338]
At i = 1561:
[ 123 1714 1529 1211 1956  338]
[ 123 1714 1529 1211 1956  338]
[ 123 1714 1529 1211 1956  338]
[ 123 1714 1529 1211 1956  338]
[ 123 1714 1529 1211 1956  338]
[ 123 1714 1529 1211 1956  338]
[ 123 1714 1529 1211 1956  338]
[ 123 1714 1529 1211 1956  338]
[ 123 1714 1529 1211 1956  338]
[ 123 1714 1529 1211 1956  338]
[ 123 1714 1529 1211 1956  338]
[ 123 1714 1529 1211 1956  338]
[ 123 1714 1529 1211 1956  338]
[ 123 1714 1529 1211 1956  338]
[ 123 1714 1529 1211 1956  338]
[ 123 1714 1529 1211 1956  338]
[ 123 1714 1529 1211 1956  338]
[ 123 1714 1529 1211 1956  338]
[ 123 1714 1529 1211 1956  338]
[ 123 1714 1529 1211 1956  338]
[ 123 1714 1529 1211 1956  338]
[ 123 1714 1529 1211 1956  338]
[ 123 1714 1529 1211 1956  338]
[ 123 1714 1529 1211 1956  338]
[ 123 1714 1529 1211 1956  338]
[ 123 1714 1529 1211 1956  338]
[ 123 1714 1529 1211 1956  338]
[ 123 1714 1529 1211 1956  338]
[ 123 1714 1529 1211 1956  338]
[ 123 1714 1529 1211 1956  338]
At i = 1581:
[ 123 1714 1529 1211 1956  338]
[ 123 1714 1529 1211 1956  338]
[ 123 1714 1529 1211 1956  338]
[ 123 1714 1529 1211 1956  338]
[ 123 1714 1529 1211 1956  338]
[ 123 1714 1529 1211 1956  338]
[ 123 1714 1529 1211 1956  338]
[ 123 1714 1529 1211 1956  338]
[ 123 1714 1529 1211 1956  338]
[ 123 1714 1529 1211 1956  338]
[ 123 1714 1529 1211 1956  338]
[ 123 1714 1529 1211 1956  338]
[ 123 1714 1529 1211 1956  338]
[ 123 1714 1529 1211 1956  338]
[ 123 1714 1529 1211 1956  338]
[ 123 1714 1529 1211 1956  338]
[ 123 1714 1529 1211 1956  338]
[ 123 1714 1529 1211 1956  338]
[ 123 1714 1529 1211 1956  338]
[ 123 1714 1529 1211 1956  338]
[ 123 1714 1529 1211 1956  338]
[ 123 1714 1529 1211 1956  338]
[ 123 1714 1529 1211 1956  338]
[ 123 1714 1529 1211 1956  338]
[ 123 1714 1529 1211 1956  338]
[ 123 1714 1529 1211 1956  338]
[ 123 1714 1529 1211 1956  338]
[ 123 1714 1529 1211 1956  338]
[ 123 1714 1529 1211 1956  338]
[ 123 1714 1529 1211 1956  338]
At i = 1601:
[ 123 1714 1529 1211 1956  338]
[ 123 1714 1529 1211 1956  338]
[ 123 1714 1529 1211 1956  338]
[ 123 1714 1529 1211 1956  338]
[ 123 1714 1529 1211 1956  338]
[ 123 1714 1529 1211 1956  338]
[ 123 1714 1529 1211 1956  338]
[ 123 1714 1529 1211 1956  338]
[ 123 1714 1529 1211 1956  338]
[ 123 1714 1529 1211 1956  338]
[ 123 1714 1529 1211 1956  338]
[ 123 1714 1529 1211 1956  338]
[ 123 1714 1529 1211 1956  338]
[ 123 1714 1529 1211 1956  338]
[ 123 1714 1529 1211 1956  338]
[ 123 1714 1529 1211 1956  338]
[ 123 1714 1529 1211 1956  338]
[ 123 1714 1529 1211 1956  338]
[ 123 1714 1529 1211 1956  338]
[ 123 1714 1529 1211 1956  338]
[ 123 1714 1529 1211 1956  338]
[ 123 1714 1529 1211 1956  338]
[ 123 1714 1529 1211 1956  338]
[ 123 1714 1529 1211 1956  338]
[ 123 1714 1529 1211 1956  338]
[ 123 1714 1529 1211 1956  338]
[ 123 1714 1529 1211 1956  338]
[ 123 1714 1529 1211 1956  338]
[ 123 1714 1529 1211 1956  338]
[ 123 1714 1529 1211 1956  338]
At i = 1621:
[ 123 1714 1529 1211 1956  338]
[ 123 1714 1529 1211 1956  338]
[ 123 1714 1529 1211 1956  338]
[ 123 1714 1529 1211 1956  338]
[ 123 1714 1529 1211 1956  338]
[ 123 1714 1529 1211 1956  338]
[ 123 1714 1529 1211 1956  338]
[ 123 1714 1529 1211 1956  338]
[ 123 1714 1529 1211 1956  338]
[ 123 1714 1529 1211 1956  338]
[ 123 1714 1529 1211 1956  338]
[ 123 1714 1529 1211 1956  338]
[ 123 1714 1529 1211 1956  338]
[ 123 1714 1529 1211 1956  338]
[ 123 1714 1529 1211 1956  338]
[ 123 1714 1529 1211 1956  338]
[ 123 1714 1529 1211 1956  338]
[ 123 1714 1529 1211 1956  338]
[ 123 1714 1529 1211 1956  338]
[ 123 1714 1529 1211 1956  338]
[ 123 1714 1529 1211 1956  338]
[ 123 1714 1529 1211 1956  338]
[ 123 1714 1529 1211 1956  338]
[ 123 1714 1529 1211 1956  338]
[ 123 1714 1529 1211 1956  338]
[ 123 1714 1529 1211 1956  338]
[ 123 1714 1529 1211 1956  338]
[ 123 1714 1529 1211 1956  338]
[ 123 1714 1529 1211 1956  338]
[ 123 1714 1529 1211 1956  338]
At i = 1641:
[ 123 1714 1529 1211 1956  338]
[ 123 1714 1529 1211 1956  338]
[ 123 1714 1529 1211 1956  338]
[ 123 1714 1529 1211 1956  338]
[ 123 1714 1529 1211 1956  338]
[ 123 1714 1529 1211 1956  338]
[ 123 1714 1529 1211 1956  338]
[ 123 1714 1529 1211 1956  338]
[ 123 1714 1529 1211 1956  338]
[ 123 1714 1529 1211 1956  338]
[ 123 1714 1529 1211 1956  338]
[ 123 1714 1529 1211 1956  338]
[ 123 1714 1529 1211 1956  338]
[ 123 1714 1529 1211 1956  338]
[ 123 1714 1529 1211 1956  338]
[ 123 1714 1529 1211 1956  338]
[ 123 1714 1529 1211 1956  338]
[ 123 1714 1529 1211 1956  338]
[ 123 1714 1529 1211 1956  338]
[ 123 1714 1529 1211 1956  338]
[ 123 1714 1529 1211 1956  338]
[ 123 1714 1529 1211 1956  338]
[ 123 1714 1529 1211 1956  338]
[ 123 1714 1529 1211 1956  338]
[ 123 1714 1529 1211 1956  338]
[ 123 1714 1529 1211 1956  338]
[ 123 1714 1529 1211 1956  338]
[ 123 1714 1529 1211 1956  338]
[ 123 1714 1529 1211 1956  338]
[ 123 1714 1529 1211 1956  338]
At i = 1661:
[ 123 1714 1529 1211 1956  338]
[ 123 1714 1529 1211 1956  338]
[ 123 1714 1529 1211 1956  338]
[ 123 1714 1529 1211 1956  338]
[ 123 1714 1529 1211 1956  338]
[ 123 1714 1529 1211 1956  338]
[ 123 1714 1529 1211 1956  338]
[ 123 1714 1529 1211 1956  338]
[ 123 1714 1529 1211 1956  338]
[ 123 1714 1529 1211 1956  338]
[ 123 1714 1529 1211 1956  338]
[ 123 1714 1529 1211 1956  338]
[ 123 1714 1529 1211 1956  338]
[ 123 1714 1529 1211 1956  338]
[ 123 1714 1529 1211 1956  338]
[ 123 1714 1529 1211 1956  338]
[ 123 1714 1529 1211 1956  338]
[ 123 1714 1529 1211 1956  338]
[ 123 1714 1529 1211 1956  338]
[ 123 1714 1529 1211 1956  338]
[ 123 1714 1529 1211 1956  338]
[ 123 1714 1529 1211 1956  338]
[ 123 1714 1529 1211 1956  338]
[ 123 1714 1529 1211 1956  338]
[ 123 1714 1529 1211 1956  338]
[ 123 1714 1529 1211 1956  338]
[ 123 1714 1529 1211 1956  338]
[ 123 1714 1529 1211 1956  338]
[ 123 1714 1529 1211 1956  338]
[ 123 1714 1529 1211 1956  338]
At i = 1681:
[ 123 1714 1529 1211 1956  338]
[ 123 1714 1529 1211 1956  338]
[ 123 1714 1529 1211 1956  338]
[ 123 1714 1529 1211 1956  338]
[ 123 1714 1529 1211 1956  338]
[ 123 1714 1529 1211 1956  338]
[ 123 1714 1529 1211 1956  338]
[ 123 1714 1529 1211 1956  338]
[ 123 1714 1529 1211 1956  338]
[ 123 1714 1529 1211 1956  338]
[ 123 1714 1529 1211 1956  338]
[ 123 1714 1529 1211 1956  338]
[ 123 1714 1529 1211 1956  338]
[ 123 1714 1529 1211 1956  338]
[ 123 1714 1529 1211 1956  338]
[ 123 1714 1529 1211 1956  338]
[ 123 1714 1529 1211 1956  338]
[ 123 1714 1529 1211 1956  338]
[ 123 1714 1529 1211 1956  338]
[ 123 1714 1529 1211 1956  338]
[ 123 1714 1529 1211 1956  338]
[ 123 1714 1529 1211 1956  338]
[ 123 1714 1529 1211 1956  338]
[ 123 1714 1529 1211 1956  338]
[ 123 1714 1529 1211 1956  338]
[ 123 1714 1529 1211 1956  338]
[ 123 1714 1529 1211 1956  338]
[ 123 1714 1529 1211 1956  338]
[ 123 1714 1529 1211 1956  338]
[ 123 1714 1529 1211 1956  338]
At i = 1701:
[ 123 1714 1529 1211 1956  338]
[ 123 1714 1529 1211 1956  338]
[ 123 1714 1529 1211 1956  338]
[ 123 1714 1529 1211 1956  338]
[ 123 1714 1529 1211 1956  338]
[ 123 1714 1529 1211 1956  338]
[ 123 1714 1529 1211 1956  338]
[ 123 1714 1529 1211 1956  338]
[ 123 1714 1529 1211 1956  338]
[ 123 1714 1529 1211 1956  338]
[ 123 1714 1529 1211 1956  338]
[ 123 1714 1529 1211 1956  338]
[ 123 1714 1529 1211 1956  338]
[ 123 1714 1529 1211 1956  338]
[ 123 1714 1529 1211 1956  338]
[ 123 1714 1529 1211 1956  338]
[ 123 1714 1529 1211 1956  338]
[ 123 1714 1529 1211 1956  338]
[ 123 1714 1529 1211 1956  338]
[ 123 1714 1529 1211 1956  338]
[ 123 1714 1529 1211 1956  338]
[ 123 1714 1529 1211 1956  338]
[ 123 1714 1529 1211 1956  338]
[ 123 1714 1529 1211 1956  338]
[ 123 1714 1529 1211 1956  338]
[ 123 1714 1529 1211 1956  338]
[ 123 1714 1529 1211 1956  338]
[ 123 1714 1529 1211 1956  338]
[ 123 1714 1529 1211 1956  338]
[ 123 1714 1529 1211 1956  338]
At i = 1721:
[ 123 1714 1529 1211 1956  338]
[ 123 1714 1529 1211 1956  338]
[ 123 1714 1529 1211 1956  338]
[ 123 1714 1529 1211 1956  338]
[ 123 1714 1529 1211 1956  338]
[ 123 1714 1529 1211 1956  338]
[ 123 1714 1529 1211 1956  338]
[ 123 1714 1529 1211 1956  338]
[ 123 1714 1529 1211 1956  338]
[ 123 1714 1529 1211 1956  338]
[ 123 1714 1529 1211 1956  338]
[ 123 1714 1529 1211 1956  338]
[ 123 1714 1529 1211 1956  338]
[ 123 1714 1529 1211 1956  338]
[ 123 1714 1529 1211 1956  338]
[ 123 1714 1529 1211 1956  338]
[ 123 1714 1529 1211 1956  338]
[ 123 1714 1529 1211 1956  338]
[ 123 1714 1529 1211 1956  338]
[ 123 1714 1529 1211 1956  338]
[ 123 1714 1529 1211 1956  338]
[ 123 1714 1529 1211 1956  338]
[ 123 1714 1529 1211 1956  338]
[ 123 1714 1529 1211 1956  338]
[ 123 1714 1529 1211 1956  338]
[ 123 1714 1529 1211 1956  338]
[ 123 1714 1529 1211 1956  338]
[ 123 1714 1529 1211 1956  338]
[ 123 1714 1529 1211 1956  338]
[ 123 1714 1529 1211 1956  338]
At i = 1741:
[ 123 1714 1529 1211 1956  338]
[ 123 1714 1529 1211 1956  338]
[ 123 1714 1529 1211 1956  338]
[ 123 1714 1529 1211 1956  338]
[ 123 1714 1529 1211 1956  338]
[ 123 1714 1529 1211 1956  338]
[ 123 1714 1529 1211 1956  338]
[ 123 1714 1529 1211 1956  338]
[ 123 1714 1529 1211 1956  338]
[ 123 1714 1529 1211 1956  338]
[ 123 1714 1529 1211 1956  338]
[ 123 1714 1529 1211 1956  338]
[ 123 1714 1529 1211 1956  338]
[ 123 1714 1529 1211 1956  338]
[ 123 1714 1529 1211 1956  338]
[ 123 1714 1529 1211 1956  338]
[ 123 1714 1529 1211 1956  338]
[ 123 1714 1529 1211 1956  338]
[ 123 1714 1529 1211 1956  338]
[ 123 1714 1529 1211 1956  338]
[ 123 1714 1529 1211 1956  338]
[ 123 1714 1529 1211 1956  338]
[ 123 1714 1529 1211 1956  338]
[ 123 1714 1529 1211 1956  338]
[ 123 1714 1529 1211 1956  338]
[ 123 1714 1529 1211 1956  338]
[ 123 1714 1529 1211 1956  338]
[ 123 1714 1529 1211 1956  338]
[ 123 1714 1529 1211 1956  338]
[ 123 1714 1529 1211 1956  338]
At i = 1761:
[ 123 1714 1529 1211 1956  338]
[ 123 1714 1529 1211 1956  338]
[ 123 1714 1529 1211 1956  338]
[ 123 1714 1529 1211 1956  338]
[ 123 1714 1529 1211 1956  338]
[ 123 1714 1529 1211 1956  338]
[ 123 1714 1529 1211 1956  338]
[ 123 1714 1529 1211 1956  338]
[ 123 1714 1529 1211 1956  338]
[ 123 1714 1529 1211 1956  338]
[ 123 1714 1529 1211 1956  338]
[ 123 1714 1529 1211 1956  338]
[ 123 1714 1529 1211 1956  338]
[ 123 1714 1529 1211 1956  338]
[ 123 1714 1529 1211 1956  338]
[ 123 1714 1529 1211 1956  338]
[ 123 1714 1529 1211 1956  338]
[ 123 1714 1529 1211 1956  338]
[ 123 1714 1529 1211 1956  338]
[ 123 1714 1529 1211 1956  338]
[ 123 1714 1529 1211 1956  338]
[ 123 1714 1529 1211 1956  338]
[ 123 1714 1529 1211 1956  338]
[ 123 1714 1529 1211 1956  338]
[ 123 1714 1529 1211 1956  338]
[ 123 1714 1529 1211 1956  338]
[ 123 1714 1529 1211 1956  338]
[ 123 1714 1529 1211 1956  338]
[ 123 1714 1529 1211 1956  338]
[ 123 1714 1529 1211 1956  338]
At i = 1781:
[ 123 1714 1529 1211 1956  338]
[ 123 1714 1529 1211 1956  338]
[ 123 1714 1529 1211 1956  338]
[ 123 1714 1529 1211 1956  338]
[ 123 1714 1529 1211 1956  338]
[ 123 1714 1529 1211 1956  338]
[ 123 1714 1529 1211 1956  338]
[ 123 1714 1529 1211 1956  338]
[ 123 1714 1529 1211 1956  338]
[ 123 1714 1529 1211 1956  338]
[ 123 1714 1529 1211 1956  338]
[ 123 1714 1529 1211 1956  338]
[ 123 1714 1529 1211 1956  338]
[ 123 1714 1529 1211 1956  338]
[ 123 1714 1529 1211 1956  338]
[ 123 1714 1529 1211 1956  338]
[ 123 1714 1529 1211 1956  338]
[ 123 1714 1529 1211 1956  338]
[ 123 1714 1529 1211 1956  338]
[ 123 1714 1529 1211 1956  338]
[ 123 1714 1529 1211 1956  338]
[ 123 1714 1529 1211 1956  338]
[ 123 1714 1529 1211 1956  338]
[ 123 1714 1529 1211 1956  338]
[ 123 1714 1529 1211 1956  338]
[ 123 1714 1529 1211 1956  338]
[ 123 1714 1529 1211 1956  338]
[ 123 1714 1529 1211 1956  338]
[ 123 1714 1529 1211 1956  338]
[ 123 1714 1529 1211 1956  338]
At i = 1801:
[ 123 1714 1529 1211 1956  338]
[ 123 1714 1529 1211 1956  338]
[ 123 1714 1529 1211 1956  338]
[ 123 1714 1529 1211 1956  338]
[ 123 1714 1529 1211 1956  338]
[ 123 1714 1529 1211 1956  338]
[ 123 1714 1529 1211 1956  338]
[ 123 1714 1529 1211 1956  338]
[ 123 1714 1529 1211 1956  338]
[ 123 1714 1529 1211 1956  338]
[ 123 1714 1529 1211 1956  338]
[ 123 1714 1529 1211 1956  338]
[ 123 1714 1529 1211 1956  338]
[ 123 1714 1529 1211 1956  338]
[ 123 1714 1529 1211 1956  338]
[ 123 1714 1529 1211 1956  338]
[ 123 1714 1529 1211 1956  338]
[ 123 1714 1529 1211 1956  338]
[ 123 1714 1529 1211 1956  338]
[ 123 1714 1529 1211 1956  338]
[ 123 1714 1529 1211 1956  338]
[ 123 1714 1529 1211 1956  338]
[ 123 1714 1529 1211 1956  338]
[ 123 1714 1529 1211 1956  338]
[ 123 1714 1529 1211 1956  338]
[ 123 1714 1529 1211 1956  338]
[ 123 1714 1529 1211 1956  338]
[ 123 1714 1529 1211 1956  338]
[ 123 1714 1529 1211 1956  338]
[ 123 1714 1529 1211 1956  338]
At i = 1821:
[ 123 1714 1529 1211 1956  338]
[ 123 1714 1529 1211 1956  338]
[ 123 1714 1529 1211 1956  338]
[ 123 1714 1529 1211 1956  338]
[ 123 1714 1529 1211 1956  338]
[ 123 1714 1529 1211 1956  338]
[ 123 1714 1529 1211 1956  338]
[ 123 1714 1529 1211 1956  338]
[ 123 1714 1529 1211 1956  338]
[ 123 1714 1529 1211 1956  338]
[ 123 1714 1529 1211 1956  338]
[ 123 1714 1529 1211 1956  338]
[ 123 1714 1529 1211 1956  338]
[ 123 1714 1529 1211 1956  338]
[ 123 1714 1529 1211 1956  338]
[ 123 1714 1529 1211 1956  338]
[ 123 1714 1529 1211 1956  338]
[ 123 1714 1529 1211 1956  338]
[ 123 1714 1529 1211 1956  338]
[ 123 1714 1529 1211 1956  338]
[ 123 1714 1529 1211 1956  338]
[ 123 1714 1529 1211 1956  338]
[ 123 1714 1529 1211 1956  338]
[ 123 1714 1529 1211 1956  338]
[ 123 1714 1529 1211 1956  338]
[ 123 1714 1529 1211 1956  338]
[ 123 1714 1529 1211 1956  338]
[ 123 1714 1529 1211 1956  338]
[ 123 1714 1529 1211 1956  338]
[ 123 1714 1529 1211 1956  338]
At i = 1841:
[ 123 1714 1529 1211 1956  338]
[ 123 1714 1529 1211 1956  338]
[ 123 1714 1529 1211 1956  338]
[ 123 1714 1529 1211 1956  338]
[ 123 1714 1529 1211 1956  338]
[ 123 1714 1529 1211 1956  338]
[ 123 1714 1529 1211 1956  338]
[ 123 1714 1529 1211 1956  338]
[ 123 1714 1529 1211 1956  338]
[ 123 1714 1529 1211 1956  338]
[ 123 1714 1529 1211 1956  338]
[ 123 1714 1529 1211 1956  338]
[ 123 1714 1529 1211 1956  338]
[ 123 1714 1529 1211 1956  338]
[ 123 1714 1529 1211 1956  338]
[ 123 1714 1529 1211 1956  338]
[ 123 1714 1529 1211 1956  338]
[ 123 1714 1529 1211 1956  338]
[ 123 1714 1529 1211 1956  338]
[ 123 1714 1529 1211 1956  338]
[ 123 1714 1529 1211 1956  338]
[ 123 1714 1529 1211 1956  338]
[ 123 1714 1529 1211 1956  338]
[ 123 1714 1529 1211 1956  338]
[ 123 1714 1529 1211 1956  338]
[ 123 1714 1529 1211 1956  338]
[ 123 1714 1529 1211 1956  338]
[ 123 1714 1529 1211 1956  338]
[ 123 1714 1529 1211 1956  338]
[ 123 1714 1529 1211 1956  338]
At i = 1861:
[ 123 1714 1529 1211 1956  338]
[ 123 1714 1529 1211 1956  338]
[ 123 1714 1529 1211 1956  338]
[ 123 1714 1529 1211 1956  338]
[ 123 1714 1529 1211 1956  338]
[ 123 1714 1529 1211 1956  338]
[ 123 1714 1529 1211 1956  338]
[ 123 1714 1529 1211 1956  338]
[ 123 1714 1529 1211 1956  338]
[ 123 1714 1529 1211 1956  338]
[ 123 1714 1529 1211 1956  338]
[ 123 1714 1529 1211 1956  338]
[ 123 1714 1529 1211 1956  338]
[ 123 1714 1529 1211 1956  338]
[ 123 1714 1529 1211 1956  338]
[ 123 1714 1529 1211 1956  338]
[ 123 1714 1529 1211 1956  338]
[ 123 1714 1529 1211 1956  338]
[ 123 1714 1529 1211 1956  338]
[ 123 1714 1529 1211 1956  338]
[ 123 1714 1529 1211 1956  338]
[ 123 1714 1529 1211 1956  338]
[ 123 1714 1529 1211 1956  338]
[ 123 1714 1529 1211 1956  338]
[ 123 1714 1529 1211 1956  338]
[ 123 1714 1529 1211 1956  338]
[ 123 1714 1529 1211 1956  338]
[ 123 1714 1529 1211 1956  338]
[ 123 1714 1529 1211 1956  338]
[ 123 1714 1529 1211 1956  338]
At i = 1881:
[ 123 1714 1529 1211 1956  338]
[ 123 1714 1529 1211 1956  338]
[ 123 1714 1529 1211 1956  338]
[ 123 1714 1529 1211 1956  338]
[ 123 1714 1529 1211 1956  338]
[ 123 1714 1529 1211 1956  338]
[ 123 1714 1529 1211 1956  338]
[ 123 1714 1529 1211 1956  338]
[ 123 1714 1529 1211 1956  338]
[ 123 1714 1529 1211 1956  338]
[ 123 1714 1529 1211 1956  338]
[ 123 1714 1529 1211 1956  338]
[ 123 1714 1529 1211 1956  338]
[ 123 1714 1529 1211 1956  338]
[ 123 1714 1529 1211 1956  338]
[ 123 1714 1529 1211 1956  338]
[ 123 1714 1529 1211 1956  338]
[ 123 1714 1529 1211 1956  338]
[ 123 1714 1529 1211 1956  338]
[ 123 1714 1529 1211 1956  338]
[ 123 1714 1529 1211 1956  338]
[ 123 1714 1529 1211 1956  338]
[ 123 1714 1529 1211 1956  338]
[ 123 1714 1529 1211 1956  338]
[ 123 1714 1529 1211 1956  338]
[ 123 1714 1529 1211 1956  338]
[ 123 1714 1529 1211 1956  338]
[ 123 1714 1529 1211 1956  338]
[ 123 1714 1529 1211 1956  338]
[ 123 1714 1529 1211 1956  338]
At i = 1901:
[ 123 1714 1529 1211 1956  338]
[ 123 1714 1529 1211 1956  338]
[ 123 1714 1529 1211 1956  338]
[ 123 1714 1529 1211 1956  338]
[ 123 1714 1529 1211 1956  338]
[ 123 1714 1529 1211 1956  338]
[ 123 1714 1529 1211 1956  338]
[ 123 1714 1529 1211 1956  338]
[ 123 1714 1529 1211 1956  338]
[ 123 1714 1529 1211 1956  338]
[ 123 1714 1529 1211 1956  338]
[ 123 1714 1529 1211 1956  338]
[ 123 1714 1529 1211 1956  338]
[ 123 1714 1529 1211 1956  338]
[ 123 1714 1529 1211 1956  338]
[ 123 1714 1529 1211 1956  338]
[ 123 1714 1529 1211 1956  338]
[ 123 1714 1529 1211 1956  338]
[ 123 1714 1529 1211 1956  338]
[ 123 1714 1529 1211 1956  338]
[ 123 1714 1529 1211 1956  338]
[ 123 1714 1529 1211 1956  338]
[ 123 1714 1529 1211 1956  338]
[ 123 1714 1529 1211 1956  338]
[ 123 1714 1529 1211 1956  338]
[ 123 1714 1529 1211 1956  338]
[ 123 1714 1529 1211 1956  338]
[ 123 1714 1529 1211 1956  338]
[ 123 1714 1529 1211 1956  338]
[ 123 1714 1529 1211 1956  338]
At i = 1921:
[ 123 1714 1529 1211 1956  338]
[ 123 1714 1529 1211 1956  338]
[ 123 1714 1529 1211 1956  338]
[ 123 1714 1529 1211 1956  338]
[ 123 1714 1529 1211 1956  338]
[ 123 1714 1529 1211 1956  338]
[ 123 1714 1529 1211 1956  338]
[ 123 1714 1529 1211 1956  338]
[ 123 1714 1529 1211 1956  338]
[ 123 1714 1529 1211 1956  338]
[ 123 1714 1529 1211 1956  338]
[ 123 1714 1529 1211 1956  338]
[ 123 1714 1529 1211 1956  338]
[ 123 1714 1529 1211 1956  338]
[ 123 1714 1529 1211 1956  338]
[ 123 1714 1529 1211 1956  338]
[ 123 1714 1529 1211 1956  338]
[ 123 1714 1529 1211 1956  338]
[ 123 1714 1529 1211 1956  338]
[ 123 1714 1529 1211 1956  338]
[ 123 1714 1529 1211 1956  338]
[ 123 1714 1529 1211 1956  338]
[ 123 1714 1529 1211 1956  338]
[ 123 1714 1529 1211 1956  338]
[ 123 1714 1529 1211 1956  338]
[ 123 1714 1529 1211 1956  338]
[ 123 1714 1529 1211 1956  338]
[ 123 1714 1529 1211 1956  338]
[ 123 1714 1529 1211 1956  338]
[ 123 1714 1529 1211 1956  338]
