At i = 1:
0.9159249203776906
0.8666413077495713
0.861616532708662
0.8606064048020777
0.8584608705719959
0.8538938594233332
0.8356893240321166
0.832382797381306
0.8286096863240883
0.8258976314249077
0.8195335893481767
0.8180348532500035
0.8144843186730287
0.8125033658598139
0.8117080443104497
0.8110963704061375
0.8099898072055395
0.8028689376685634
0.8025979753403876
0.8024833443163499
0.8010000420248349
0.7989120958060609
0.795873058164291
0.7958079056206454
0.795631115715066
0.792627278343904
0.7924236529169024
0.79217878424197
0.7876606510159818
0.7876606510159818
0.7865613169855258
At i = 21:
0.9487079261907821
0.9461763470116261
0.9459355535873584
0.9457787625904933
0.9456655806577292
0.942391566562683
0.9421841696011014
0.9358884869098273
0.9354752668593356
0.9334275489355892
0.9302941476434119
0.928940400836154
0.9275764274587179
0.9260874293295215
0.9230751868780367
0.9226825584292419
0.9219857983074158
0.9218580088387235
0.9212626209038433
0.9198831797665575
0.9198257431643387
0.9178610029000938
0.9159249203776906
0.9151453332727667
0.9149292977817524
0.9149091792064454
0.9147517945105668
0.9140213394973439
0.9139845163126019
0.9138010895062573
0.913641359010988
At i = 41:
0.9954714999800082
0.9617100001882387
0.961620810705208
0.961620810705208
0.9616208107052078
0.9616208107052078
0.9616208107052078
0.9612931890866853
0.9588189356496862
0.9588189356496861
0.9564368917999441
0.9564368917999441
0.9564368917999441
0.9564368917999441
0.9564368917999441
0.9564368917999441
0.9558395823598571
0.9558395823598571
0.9558395823598571
0.9558395823598571
0.9558395823598571
0.9552824069361325
0.9548455494276815
0.9529872151082327
0.9510414453661848
0.9510055340359345
0.9495362855607107
0.9487079261907821
0.9473949473753077
0.9470247468777032
0.9461763470116261
At i = 61:
0.9954714999800082
0.9666072326029856
0.9636147521666913
0.9617100001882387
0.961620810705208
0.961620810705208
0.9616208107052078
0.9616208107052078
0.9616208107052078
0.9616208107052078
0.9616208107052078
0.9616208107052078
0.9616208107052078
0.9612931890866853
0.9612931890866853
0.9612931890866853
0.9594497248099073
0.9594497248099073
0.9594497248099073
0.9594497248099073
0.9594497248099073
0.9588189356496862
0.9588189356496862
0.9588189356496862
0.9588189356496862
0.9588189356496862
0.9588189356496862
0.9588189356496862
0.9588189356496862
0.9588189356496861
At i = 81:
0.9954714999800082
0.9666072326029856
0.9666072326029856
0.9666072326029856
0.9666072326029856
0.9666072326029856
0.9636147521666913
0.9636147521666913
0.9636147521666913
0.9636147521666913
0.962487035558266
0.9617100001882387
0.961620810705208
0.961620810705208
0.9616208107052078
0.9616208107052078
0.9616208107052078
0.9616208107052078
0.9616208107052078
0.9616208107052078
0.9616208107052078
0.9616208107052078
0.9616208107052078
0.9616208107052078
0.9616208107052078
0.9616208107052078
0.9616208107052078
0.9616208107052078
0.9616208107052078
0.9616208107052078
At i = 101:
0.9954714999800082
0.9666072326029856
0.9666072326029856
0.9666072326029856
0.9666072326029856
0.9666072326029856
0.9666072326029856
0.9666072326029856
0.9666072326029856
0.9666072326029856
0.9636147521666913
0.9636147521666913
0.9636147521666913
0.9636147521666913
0.9636147521666913
0.9636147521666913
0.9636147521666913
0.9636147521666913
0.9636147521666913
0.9636147521666913
0.9636147521666913
0.962487035558266
0.9617100001882387
0.961620810705208
0.961620810705208
0.9616208107052078
0.9616208107052078
0.9616208107052078
0.9616208107052078
0.9616208107052078
At i = 121:
0.9954714999800082
0.9822420801863121
0.9697125350881545
0.9666072326029856
0.9666072326029856
0.9666072326029856
0.9666072326029856
0.9666072326029856
0.9666072326029856
0.9666072326029856
0.9666072326029856
0.9666072326029856
0.9666072326029856
0.9666072326029856
0.9666072326029856
0.9666072326029856
0.9636147521666913
0.9636147521666913
0.9636147521666913
0.9636147521666913
0.9636147521666913
0.9636147521666913
0.9636147521666913
0.9636147521666913
0.9636147521666913
0.9636147521666913
0.9636147521666913
0.9636147521666913
0.9636147521666913
0.9636147521666913
0.9636147521666913
At i = 141:
0.9954714999800082
0.9822420801863121
0.9697125350881545
0.9666072326029856
0.9666072326029856
0.9666072326029856
0.9666072326029856
0.9666072326029856
0.9666072326029856
0.9666072326029856
0.9666072326029856
0.9666072326029856
0.9666072326029856
0.9666072326029856
0.9666072326029856
0.9666072326029856
0.9666072326029856
0.9666072326029856
0.9666072326029856
0.9666072326029856
0.9636147521666913
0.9636147521666913
0.9636147521666913
0.9636147521666913
0.9636147521666913
0.9636147521666913
0.9636147521666913
0.9636147521666913
0.9636147521666913
0.9636147521666913
0.9636147521666913
At i = 161:
0.9954714999800082
0.9822420801863121
0.9697125350881545
0.9671647467809187
0.9666072326029856
0.9666072326029856
0.9666072326029856
0.9666072326029856
0.9666072326029856
0.9666072326029856
0.9666072326029856
0.9666072326029856
0.9666072326029856
0.9666072326029856
0.9666072326029856
0.9666072326029856
0.9666072326029856
0.9666072326029856
0.9666072326029856
0.9666072326029856
0.9666072326029856
0.9666072326029856
0.9666072326029856
0.9666072326029856
0.9666072326029856
0.9666072326029856
0.9666072326029856
0.9666072326029856
0.9666072326029856
0.9666072326029856
At i = 181:
0.9954714999800082
0.9822420801863121
0.9715007744361815
0.9697125350881545
0.9671647467809187
0.9666072326029856
0.9666072326029856
0.9666072326029856
0.9666072326029856
0.9666072326029856
0.9666072326029856
0.9666072326029856
0.9666072326029856
0.9666072326029856
0.9666072326029856
0.9666072326029856
0.9666072326029856
0.9666072326029856
0.9666072326029856
0.9666072326029856
0.9666072326029856
0.9666072326029856
0.9666072326029856
0.9666072326029856
0.9666072326029856
0.9666072326029856
0.9666072326029856
0.9666072326029856
0.9666072326029856
0.9666072326029856
0.9666072326029856
At i = 201:
0.9954714999800082
0.9822420801863121
0.9725724675598909
0.9715007744361815
0.9715007744361815
0.9697125350881545
0.9694894173336267
0.9671647467809187
0.9666588332664666
0.9666072326029856
0.9666072326029856
0.9666072326029856
0.9666072326029856
0.9666072326029856
0.9666072326029856
0.9666072326029856
0.9666072326029856
0.9666072326029856
0.9666072326029856
0.9666072326029856
0.9666072326029856
0.9666072326029856
0.9666072326029856
0.9666072326029856
0.9666072326029856
0.9666072326029856
0.9666072326029856
0.9666072326029856
0.9666072326029856
0.9666072326029856
0.9616208107052078
0.9616208107052078
At i = 221:
0.9954714999800082
0.9822420801863121
0.9776509722329019
0.9725724675598909
0.9715007744361815
0.9715007744361815
0.9697125350881545
0.9694894173336267
0.9686284531990869
0.9671647467809187
0.9666588332664666
0.9666588332664666
0.9666072326029856
0.9666072326029856
0.9666072326029856
0.9666072326029856
0.9666072326029856
0.9666072326029856
0.9666072326029856
0.9666072326029856
0.9666072326029856
0.9666072326029856
0.9666072326029856
0.9666072326029856
0.9666072326029856
0.9666072326029856
0.9666072326029856
0.9666072326029856
0.9666072326029856
0.9666072326029856
0.9666072326029856
At i = 241:
0.9954714999800082
0.9867987427437739
0.9867987427437739
0.9867987427437739
0.9867987427437739
0.9867987427437739
0.9867987427437739
0.9867987427437739
0.9867987427437739
0.9832622216167488
0.9832622216167488
0.9832622216167488
0.9832622216167488
0.9832622216167488
0.9824598730362213
0.9824598730362213
0.9824598730362213
0.9822420801863121
0.9821695555358132
0.9821695555358132
0.9821695555358132
0.9821695555358132
0.9820356914001346
0.9820356914001346
0.9820356914001346
0.9820356914001346
0.980624082227133
0.980624082227133
0.9803763996392472
0.9803763996392468
At i = 261:
0.9954714999800082
0.9867987427437739
0.9867987427437739
0.9867987427437739
0.9867987427437739
0.9867987427437739
0.9867987427437739
0.9867987427437739
0.9867987427437739
0.9867987427437739
0.9867987427437739
0.9867987427437739
0.9867987427437739
0.9832622216167488
0.9832622216167488
0.9832622216167488
0.9832622216167488
0.9832622216167488
0.9832622216167488
0.9832622216167488
0.9832622216167488
0.9832622216167488
0.9832622216167488
0.9832622216167488
0.9832622216167488
0.9832622216167488
0.9832622216167488
0.9832622216167488
0.9824598730362213
0.9824598730362213
0.9821695555358132
At i = 281:
0.9954714999800082
0.9867987427437739
0.9867987427437739
0.9867987427437739
0.9867987427437739
0.9867987427437739
0.9867987427437739
0.9867987427437739
0.9867987427437739
0.9867987427437739
0.9867987427437739
0.9867987427437739
0.9867987427437739
0.9867987427437739
0.9867987427437739
0.9867987427437739
0.9867987427437739
0.9867987427437739
0.9867987427437739
0.9867987427437739
0.9832622216167488
0.9832622216167488
0.9832622216167488
0.9832622216167488
0.9832622216167488
0.9832622216167488
0.9832622216167488
0.9832622216167488
0.9832622216167488
0.9832622216167488
0.9832622216167488
At i = 301:
0.9954714999800082
0.9867987427437739
0.9867987427437739
0.9867987427437739
0.9867987427437739
0.9867987427437739
0.9867987427437739
0.9867987427437739
0.9867987427437739
0.9867987427437739
0.9867987427437739
0.9867987427437739
0.9867987427437739
0.9867987427437739
0.9867987427437739
0.9867987427437739
0.9867987427437739
0.9867987427437739
0.9867987427437739
0.9867987427437739
0.9867987427437739
0.9867987427437739
0.9867987427437739
0.9867987427437739
0.9867987427437739
0.9867987427437739
0.9867987427437739
0.9867987427437739
0.9867987427437739
0.9867987427437739
0.9867987427437739
At i = 321:
0.9954714999800082
0.9867987427437739
0.9867987427437739
0.9867987427437739
0.9867987427437739
0.9867987427437739
0.9867987427437739
0.9867987427437739
0.9867987427437739
0.9867987427437739
0.9867987427437739
0.9867987427437739
0.9867987427437739
0.9867987427437739
0.9867987427437739
0.9867987427437739
0.9867987427437739
0.9867987427437739
0.9867987427437739
0.9867987427437739
0.9867987427437739
0.9867987427437739
0.9867987427437739
0.9867987427437739
0.9867987427437739
0.9867987427437739
0.9867987427437739
0.9867987427437739
0.9867987427437739
0.9867987427437739
0.9867987427437739
At i = 341:
0.9954714999800082
0.9867987427437739
0.9867987427437739
0.9867987427437739
0.9867987427437739
0.9867987427437739
0.9867987427437739
0.9867987427437739
0.9867987427437739
0.9867987427437739
0.9867987427437739
0.9867987427437739
0.9867987427437739
0.9867987427437739
0.9867987427437739
0.9867987427437739
0.9867987427437739
0.9867987427437739
0.9867987427437739
0.9867987427437739
0.9867987427437739
0.9867987427437739
0.9867987427437739
0.9867987427437739
0.9867987427437739
0.9867987427437739
0.9867987427437739
0.9867987427437739
0.9867987427437739
0.9867987427437739
At i = 361:
0.9954714999800082
0.9867987427437739
0.9867987427437739
0.9867987427437739
0.9867987427437739
0.9867987427437739
0.9867987427437739
0.9867987427437739
0.9867987427437739
0.9867987427437739
0.9867987427437739
0.9867987427437739
0.9867987427437739
0.9867987427437739
0.9867987427437739
0.9867987427437739
0.9867987427437739
0.9867987427437739
0.9867987427437739
0.9867987427437739
0.9867987427437739
0.9867987427437739
0.9867987427437739
0.9867987427437739
0.9867987427437739
0.9867987427437739
0.9867987427437739
0.9867987427437739
0.9867987427437739
0.9867987427437739
0.9832622216167488
At i = 381:
0.9954714999800082
0.9867987427437739
0.9867987427437739
0.9867987427437739
0.9867987427437739
0.9867987427437739
0.9867987427437739
0.9867987427437739
0.9867987427437739
0.9867987427437739
0.9867987427437739
0.9867987427437739
0.9867987427437739
0.9867987427437739
0.9867987427437739
0.9867987427437739
0.9867987427437739
0.9867987427437739
0.9867987427437739
0.9867987427437739
0.9867987427437739
0.9867987427437739
0.9867987427437739
0.9867987427437739
0.9867987427437739
0.9867987427437739
0.9867987427437739
0.9867987427437739
0.9867987427437739
0.9867987427437739
0.9821695555358132
At i = 401:
0.9954714999800082
0.9867987427437739
0.9867987427437739
0.9867987427437739
0.9867987427437739
0.9867987427437739
0.9867987427437739
0.9867987427437739
0.9867987427437739
0.9867987427437739
0.9867987427437739
0.9867987427437739
0.9867987427437739
0.9867987427437739
0.9867987427437739
0.9867987427437739
0.9867987427437739
0.9867987427437739
0.9867987427437739
0.9867987427437739
0.9867987427437739
0.9867987427437739
0.9867987427437739
0.9867987427437739
0.9867987427437739
0.9867987427437739
0.9867987427437739
0.9867987427437739
0.9867987427437739
0.9867987427437739
0.9824598730362213
At i = 421:
0.9954714999800082
0.9867987427437739
0.9867987427437739
0.9867987427437739
0.9867987427437739
0.9867987427437739
0.9867987427437739
0.9867987427437739
0.9867987427437739
0.9867987427437739
0.9867987427437739
0.9867987427437739
0.9867987427437739
0.9867987427437739
0.9867987427437739
0.9867987427437739
0.9867987427437739
0.9867987427437739
0.9867987427437739
0.9867987427437739
0.9867987427437739
0.9867987427437739
0.9867987427437739
0.9867987427437739
0.9867987427437739
0.9867987427437739
0.9867987427437739
0.9867987427437739
0.9867987427437739
0.9867987427437739
At i = 441:
0.9954714999800082
0.9867987427437739
0.9867987427437739
0.9867987427437739
0.9867987427437739
0.9867987427437739
0.9867987427437739
0.9867987427437739
0.9867987427437739
0.9867987427437739
0.9867987427437739
0.9867987427437739
0.9867987427437739
0.9867987427437739
0.9867987427437739
0.9867987427437739
0.9867987427437739
0.9867987427437739
0.9867987427437739
0.9867987427437739
0.9867987427437739
0.9867987427437739
0.9867987427437739
0.9867987427437739
0.9867987427437739
0.9867987427437739
0.9867987427437739
0.9867987427437739
0.9867987427437739
0.9867987427437739
At i = 461:
0.9954714999800082
0.9867987427437739
0.9867987427437739
0.9867987427437739
0.9867987427437739
0.9867987427437739
0.9867987427437739
0.9867987427437739
0.9867987427437739
0.9867987427437739
0.9867987427437739
0.9867987427437739
0.9867987427437739
0.9867987427437739
0.9867987427437739
0.9867987427437739
0.9867987427437739
0.9867987427437739
0.9867987427437739
0.9867987427437739
0.9867987427437739
0.9867987427437739
0.9867987427437739
0.9867987427437739
0.9867987427437739
0.9867987427437739
0.9867987427437739
0.9867987427437739
0.9867987427437739
0.9867987427437739
0.9867987427437739
At i = 481:
0.9954714999800082
0.9867987427437739
0.9867987427437739
0.9867987427437739
0.9867987427437739
0.9867987427437739
0.9867987427437739
0.9867987427437739
0.9867987427437739
0.9867987427437739
0.9867987427437739
0.9867987427437739
0.9867987427437739
0.9867987427437739
0.9867987427437739
0.9867987427437739
0.9867987427437739
0.9867987427437739
0.9867987427437739
0.9867987427437739
0.9867987427437739
0.9867987427437739
0.9867987427437739
0.9867987427437739
0.9867987427437739
0.9867987427437739
0.9867987427437739
0.9867987427437739
0.9867987427437739
0.9867987427437739
0.9832622216167488
0.9832622216167488
At i = 501:
0.9954714999800082
0.9867987427437739
0.9867987427437739
0.9867987427437739
0.9867987427437739
0.9867987427437739
0.9867987427437739
0.9867987427437739
0.9867987427437739
0.9867987427437739
0.9867987427437739
0.9867987427437739
0.9867987427437739
0.9867987427437739
0.9867987427437739
0.9867987427437739
0.9867987427437739
0.9867987427437739
0.9867987427437739
0.9867987427437739
0.9867987427437739
0.9867987427437739
0.9867987427437739
0.9867987427437739
0.9867987427437739
0.9867987427437739
0.9867987427437739
0.9867987427437739
0.9867987427437739
0.9867987427437739
0.9867987427437739
At i = 521:
0.9954714999800082
0.9867987427437739
0.9867987427437739
0.9867987427437739
0.9867987427437739
0.9867987427437739
0.9867987427437739
0.9867987427437739
0.9867987427437739
0.9867987427437739
0.9867987427437739
0.9867987427437739
0.9867987427437739
0.9867987427437739
0.9867987427437739
0.9867987427437739
0.9867987427437739
0.9867987427437739
0.9867987427437739
0.9867987427437739
0.9867987427437739
0.9867987427437739
0.9867987427437739
0.9867987427437739
0.9867987427437739
0.9867987427437739
0.9867987427437739
0.9867987427437739
0.9867987427437739
0.9867987427437739
0.9832622216167488
At i = 541:
0.9954714999800082
0.9867987427437739
0.9867987427437739
0.9867987427437739
0.9867987427437739
0.9867987427437739
0.9867987427437739
0.9867987427437739
0.9867987427437739
0.9867987427437739
0.9867987427437739
0.9867987427437739
0.9867987427437739
0.9867987427437739
0.9867987427437739
0.9867987427437739
0.9867987427437739
0.9867987427437739
0.9867987427437739
0.9867987427437739
0.9867987427437739
0.9867987427437739
0.9867987427437739
0.9867987427437739
0.9867987427437739
0.9867987427437739
0.9867987427437739
0.9867987427437739
0.9867987427437739
0.9867987427437739
At i = 561:
0.9954714999800082
0.9867987427437739
0.9867987427437739
0.9867987427437739
0.9867987427437739
0.9867987427437739
0.9867987427437739
0.9867987427437739
0.9867987427437739
0.9867987427437739
0.9867987427437739
0.9867987427437739
0.9867987427437739
0.9867987427437739
0.9867987427437739
0.9867987427437739
0.9867987427437739
0.9867987427437739
0.9867987427437739
0.9867987427437739
0.9867987427437739
0.9867987427437739
0.9867987427437739
0.9867987427437739
0.9867987427437739
0.9867987427437739
0.9867987427437739
0.9867987427437739
0.9867987427437739
0.9867987427437739
At i = 581:
0.9954714999800082
0.9867987427437739
0.9867987427437739
0.9867987427437739
0.9867987427437739
0.9867987427437739
0.9867987427437739
0.9867987427437739
0.9867987427437739
0.9867987427437739
0.9867987427437739
0.9867987427437739
0.9867987427437739
0.9867987427437739
0.9867987427437739
0.9867987427437739
0.9867987427437739
0.9867987427437739
0.9867987427437739
0.9867987427437739
0.9867987427437739
0.9867987427437739
0.9867987427437739
0.9867987427437739
0.9867987427437739
0.9867987427437739
0.9867987427437739
0.9867987427437739
0.9867987427437739
0.9867987427437739
At i = 601:
0.9954714999800082
0.9954714999800082
0.9867987427437739
0.9867987427437739
0.9867987427437739
0.9867987427437739
0.9867987427437739
0.9867987427437739
0.9867987427437739
0.9867987427437739
0.9867987427437739
0.9867987427437739
0.9867987427437739
0.9867987427437739
0.9867987427437739
0.9867987427437739
0.9867987427437739
0.9867987427437739
0.9867987427437739
0.9867987427437739
0.9867987427437739
0.9867987427437739
0.9867987427437739
0.9867987427437739
0.9867987427437739
0.9867987427437739
0.9867987427437739
0.9867987427437739
0.9867987427437739
0.9867987427437739
At i = 621:
0.9954714999800082
0.9954714999800082
0.9954714999800082
0.9867987427437739
0.9867987427437739
0.9867987427437739
0.9867987427437739
0.9867987427437739
0.9867987427437739
0.9867987427437739
0.9867987427437739
0.9867987427437739
0.9867987427437739
0.9867987427437739
0.9867987427437739
0.9867987427437739
0.9867987427437739
0.9867987427437739
0.9867987427437739
0.9867987427437739
0.9867987427437739
0.9867987427437739
0.9867987427437739
0.9867987427437739
0.9867987427437739
0.9867987427437739
0.9867987427437739
0.9867987427437739
0.9867987427437739
0.9867987427437739
At i = 641:
0.9954714999800082
0.9954714999800082
0.9954714999800082
0.9954714999800082
0.9954714999800082
0.9954714999800082
0.9954714999800082
0.9954714999800082
0.9954714999800082
0.9954714999800082
0.9954714999800082
0.9954714999800082
0.9954714999800082
0.9954714999800082
0.9954714999800082
0.9954714999800082
0.9954714999800082
0.9954714999800082
0.9954714999800082
0.9954714999800082
0.9869542958051761
0.9867987427437739
0.9867987427437739
0.9867987427437739
0.9867987427437739
0.9867987427437739
0.9867987427437739
0.9867987427437739
0.9867987427437739
0.9867987427437739
0.9867987427437739
0.9867987427437739
0.9867987427437739
At i = 661:
0.9954714999800082
0.9954714999800082
0.9954714999800082
0.9954714999800082
0.9954714999800082
0.9954714999800082
0.9954714999800082
0.9954714999800082
0.9954714999800082
0.9954714999800082
0.9954714999800082
0.9954714999800082
0.9954714999800082
0.9954714999800082
0.9954714999800082
0.9954714999800082
0.9954714999800082
0.9954714999800082
0.9954714999800082
0.9954714999800082
0.9954714999800082
0.9954714999800082
0.9954714999800082
0.9954714999800082
0.9954714999800082
0.9954714999800082
0.9954714999800082
0.9954714999800082
0.9954714999800082
0.9954714999800082
At i = 681:
0.9954714999800082
0.9954714999800082
0.9954714999800082
0.9954714999800082
0.9954714999800082
0.9954714999800082
0.9954714999800082
0.9954714999800082
0.9954714999800082
0.9954714999800082
0.9954714999800082
0.9954714999800082
0.9954714999800082
0.9954714999800082
0.9954714999800082
0.9954714999800082
0.9954714999800082
0.9954714999800082
0.9954714999800082
0.9954714999800082
0.9954714999800082
0.9954714999800082
0.9954714999800082
0.9954714999800082
0.9954714999800082
0.9954714999800082
0.9954714999800082
0.9954714999800082
0.9954714999800082
0.9954714999800082
At i = 701:
0.9962109417349567
0.9962109417349567
0.9962109417349567
0.9962109417349567
0.9954714999800082
0.9954714999800082
0.9954714999800082
0.9954714999800082
0.9954714999800082
0.9954714999800082
0.9954714999800082
0.9954714999800082
0.9954714999800082
0.9954714999800082
0.9954714999800082
0.9954714999800082
0.9954714999800082
0.9954714999800082
0.9954714999800082
0.9954714999800082
0.9954714999800082
0.9954714999800082
0.9954714999800082
0.9954714999800082
0.9954714999800082
0.9954714999800082
0.9954714999800082
0.9954714999800082
0.9954714999800082
0.9954714999800082
At i = 721:
0.9962109417349567
0.9962109417349567
0.9962109417349567
0.9962109417349567
0.9962109417349567
0.9962109417349567
0.9962109417349567
0.9962109417349567
0.9962109417349567
0.9962109417349567
0.9962109417349567
0.9962109417349567
0.9962109417349567
0.9962109417349567
0.9962109417349567
0.9962109417349567
0.9962109417349567
0.9962109417349567
0.9962109417349567
0.9962109417349567
0.9962109417349567
0.9962109417349567
0.9962109417349567
0.9962109417349567
0.9962109417349567
0.9962109417349567
0.9962109417349567
0.9962109417349567
0.9962109417349567
0.9962109417349567
0.9962109417349567
At i = 741:
0.9962109417349567
0.9962109417349567
0.9962109417349567
0.9962109417349567
0.9962109417349567
0.9962109417349567
0.9962109417349567
0.9962109417349567
0.9962109417349567
0.9962109417349567
0.9962109417349567
0.9962109417349567
0.9962109417349567
0.9962109417349567
0.9962109417349567
0.9962109417349567
0.9962109417349567
0.9962109417349567
0.9962109417349567
0.9962109417349567
0.9962109417349567
0.9962109417349567
0.9962109417349567
0.9962109417349567
0.9962109417349567
0.9962109417349567
0.9962109417349567
0.9962109417349567
0.9962109417349567
0.9962109417349567
At i = 761:
0.9962109417349567
0.9962109417349567
0.9962109417349567
0.9962109417349567
0.9962109417349567
0.9962109417349567
0.9962109417349567
0.9962109417349567
0.9962109417349567
0.9962109417349567
0.9962109417349567
0.9962109417349567
0.9962109417349567
0.9962109417349567
0.9962109417349567
0.9962109417349567
0.9962109417349567
0.9962109417349567
0.9962109417349567
0.9962109417349567
0.9962109417349567
0.9962109417349567
0.9962109417349567
0.9962109417349567
0.9962109417349567
0.9962109417349567
0.9962109417349567
0.9962109417349567
0.9962109417349567
0.9962109417349567
At i = 781:
0.9962109417349567
0.9962109417349567
0.9962109417349567
0.9962109417349567
0.9962109417349567
0.9962109417349567
0.9962109417349567
0.9962109417349567
0.9962109417349567
0.9962109417349567
0.9962109417349567
0.9962109417349567
0.9962109417349567
0.9962109417349567
0.9962109417349567
0.9962109417349567
0.9962109417349567
0.9962109417349567
0.9962109417349567
0.9962109417349567
0.9962109417349567
0.9962109417349567
0.9962109417349567
0.9962109417349567
0.9962109417349567
0.9962109417349567
0.9962109417349567
0.9962109417349567
0.9962109417349567
0.9962109417349567
At i = 801:
0.9962109417349567
0.9962109417349567
0.9962109417349567
0.9962109417349567
0.9962109417349567
0.9962109417349567
0.9962109417349567
0.9962109417349567
0.9962109417349567
0.9962109417349567
0.9962109417349567
0.9962109417349567
0.9962109417349567
0.9962109417349567
0.9962109417349567
0.9962109417349567
0.9962109417349567
0.9962109417349567
0.9962109417349567
0.9962109417349567
0.9962109417349567
0.9962109417349567
0.9962109417349567
0.9962109417349567
0.9962109417349567
0.9962109417349567
0.9962109417349567
0.9962109417349567
0.9962109417349567
0.9962109417349567
At i = 821:
0.9962109417349567
0.9962109417349567
0.9962109417349567
0.9962109417349567
0.9962109417349567
0.9962109417349567
0.9962109417349567
0.9962109417349567
0.9962109417349567
0.9962109417349567
0.9962109417349567
0.9962109417349567
0.9962109417349567
0.9962109417349567
0.9962109417349567
0.9962109417349567
0.9962109417349567
0.9962109417349567
0.9962109417349567
0.9962109417349567
0.9962109417349567
0.9962109417349567
0.9962109417349567
0.9962109417349567
0.9962109417349567
0.9962109417349567
0.9962109417349567
0.9962109417349567
0.9962109417349567
0.9962109417349567
At i = 841:
0.9962109417349567
0.9962109417349567
0.9962109417349567
0.9962109417349567
0.9962109417349567
0.9962109417349567
0.9962109417349567
0.9962109417349567
0.9962109417349567
0.9962109417349567
0.9962109417349567
0.9962109417349567
0.9962109417349567
0.9962109417349567
0.9962109417349567
0.9962109417349567
0.9962109417349567
0.9962109417349567
0.9962109417349567
0.9962109417349567
0.9962109417349567
0.9962109417349567
0.9962109417349567
0.9962109417349567
0.9962109417349567
0.9962109417349567
0.9962109417349567
0.9962109417349567
0.9962109417349567
0.9962109417349567
At i = 861:
0.9962109417349567
0.9962109417349567
0.9962109417349567
0.9962109417349567
0.9962109417349567
0.9962109417349567
0.9962109417349567
0.9962109417349567
0.9962109417349567
0.9962109417349567
0.9962109417349567
0.9962109417349567
0.9962109417349567
0.9962109417349567
0.9962109417349567
0.9962109417349567
0.9962109417349567
0.9962109417349567
0.9962109417349567
0.9962109417349567
0.9962109417349567
0.9962109417349567
0.9962109417349567
0.9962109417349567
0.9962109417349567
0.9962109417349567
0.9962109417349567
0.9962109417349567
0.9962109417349567
0.9962109417349567
At i = 881:
0.9962109417349567
0.9962109417349567
0.9962109417349567
0.9962109417349567
0.9962109417349567
0.9962109417349567
0.9962109417349567
0.9962109417349567
0.9962109417349567
0.9962109417349567
0.9962109417349567
0.9962109417349567
0.9962109417349567
0.9962109417349567
0.9962109417349567
0.9962109417349567
0.9962109417349567
0.9962109417349567
0.9962109417349567
0.9962109417349567
0.9962109417349567
0.9962109417349567
0.9962109417349567
0.9962109417349567
0.9962109417349567
0.9962109417349567
0.9962109417349567
0.9962109417349567
0.9962109417349567
0.9962109417349567
At i = 901:
0.9962109417349567
0.9962109417349567
0.9962109417349567
0.9962109417349567
0.9962109417349567
0.9962109417349567
0.9962109417349567
0.9962109417349567
0.9962109417349567
0.9962109417349567
0.9962109417349567
0.9962109417349567
0.9962109417349567
0.9962109417349567
0.9962109417349567
0.9962109417349567
0.9962109417349567
0.9962109417349567
0.9962109417349567
0.9962109417349567
0.9962109417349567
0.9962109417349567
0.9962109417349567
0.9962109417349567
0.9962109417349567
0.9962109417349567
0.9962109417349567
0.9962109417349567
0.9962109417349567
0.9962109417349567
At i = 921:
0.9962109417349567
0.9962109417349567
0.9962109417349567
0.9962109417349567
0.9962109417349567
0.9962109417349567
0.9962109417349567
0.9962109417349567
0.9962109417349567
0.9962109417349567
0.9962109417349567
0.9962109417349567
0.9962109417349567
0.9962109417349567
0.9962109417349567
0.9962109417349567
0.9962109417349567
0.9962109417349567
0.9962109417349567
0.9962109417349567
0.9962109417349567
0.9962109417349567
0.9962109417349567
0.9962109417349567
0.9962109417349567
0.9962109417349567
0.9962109417349567
0.9962109417349567
0.9962109417349567
0.9962109417349567
At i = 941:
0.9962109417349567
0.9962109417349567
0.9962109417349567
0.9962109417349567
0.9962109417349567
0.9962109417349567
0.9962109417349567
0.9962109417349567
0.9962109417349567
0.9962109417349567
0.9962109417349567
0.9962109417349567
0.9962109417349567
0.9962109417349567
0.9962109417349567
0.9962109417349567
0.9962109417349567
0.9962109417349567
0.9962109417349567
0.9962109417349567
0.9962109417349567
0.9962109417349567
0.9962109417349567
0.9962109417349567
0.9962109417349567
0.9962109417349567
0.9962109417349567
0.9962109417349567
0.9962109417349567
0.9962109417349567
At i = 961:
0.9962109417349567
0.9962109417349567
0.9962109417349567
0.9962109417349567
0.9962109417349567
0.9962109417349567
0.9962109417349567
0.9962109417349567
0.9962109417349567
0.9962109417349567
0.9962109417349567
0.9962109417349567
0.9962109417349567
0.9962109417349567
0.9962109417349567
0.9962109417349567
0.9962109417349567
0.9962109417349567
0.9962109417349567
0.9962109417349567
0.9962109417349567
0.9962109417349567
0.9962109417349567
0.9962109417349567
0.9962109417349567
0.9962109417349567
0.9962109417349567
0.9962109417349567
0.9962109417349567
0.9962109417349567
At i = 981:
0.9962109417349567
0.9962109417349567
0.9962109417349567
0.9962109417349567
0.9962109417349567
0.9962109417349567
0.9962109417349567
0.9962109417349567
0.9962109417349567
0.9962109417349567
0.9962109417349567
0.9962109417349567
0.9962109417349567
0.9962109417349567
0.9962109417349567
0.9962109417349567
0.9962109417349567
0.9962109417349567
0.9962109417349567
0.9962109417349567
0.9962109417349567
0.9962109417349567
0.9962109417349567
0.9962109417349567
0.9962109417349567
0.9962109417349567
0.9962109417349567
0.9962109417349567
0.9962109417349567
0.9962109417349567
At i = 1001:
0.9962109417349567
0.9962109417349567
0.9962109417349567
0.9962109417349567
0.9962109417349567
0.9962109417349567
0.9962109417349567
0.9962109417349567
0.9962109417349567
0.9962109417349567
0.9962109417349567
0.9962109417349567
0.9962109417349567
0.9962109417349567
0.9962109417349567
0.9962109417349567
0.9962109417349567
0.9962109417349567
0.9962109417349567
0.9962109417349567
0.9962109417349567
0.9962109417349567
0.9962109417349567
0.9962109417349567
0.9962109417349567
0.9962109417349567
0.9962109417349567
0.9962109417349567
0.9962109417349567
0.9962109417349567
At i = 1021:
0.9962109417349567
0.9962109417349567
0.9962109417349567
0.9962109417349567
0.9962109417349567
0.9962109417349567
0.9962109417349567
0.9962109417349567
0.9962109417349567
0.9962109417349567
0.9962109417349567
0.9962109417349567
0.9962109417349567
0.9962109417349567
0.9962109417349567
0.9962109417349567
0.9962109417349567
0.9962109417349567
0.9962109417349567
0.9962109417349567
0.9962109417349567
0.9962109417349567
0.9962109417349567
0.9962109417349567
0.9962109417349567
0.9962109417349567
0.9962109417349567
0.9962109417349567
0.9962109417349567
0.9962109417349567
At i = 1041:
0.9962109417349567
0.9962109417349567
0.9962109417349567
0.9962109417349567
0.9962109417349567
0.9962109417349567
0.9962109417349567
0.9962109417349567
0.9962109417349567
0.9962109417349567
0.9962109417349567
0.9962109417349567
0.9962109417349567
0.9962109417349567
0.9962109417349567
0.9962109417349567
0.9962109417349567
0.9962109417349567
0.9962109417349567
0.9962109417349567
0.9962109417349567
0.9962109417349567
0.9962109417349567
0.9962109417349567
0.9962109417349567
0.9962109417349567
0.9962109417349567
0.9962109417349567
0.9962109417349567
0.9962109417349567
At i = 1061:
0.9962109417349567
0.9962109417349567
0.9962109417349567
0.9962109417349567
0.9962109417349567
0.9962109417349567
0.9962109417349567
0.9962109417349567
0.9962109417349567
0.9962109417349567
0.9962109417349567
0.9962109417349567
0.9962109417349567
0.9962109417349567
0.9962109417349567
0.9962109417349567
0.9962109417349567
0.9962109417349567
0.9962109417349567
0.9962109417349567
0.9962109417349567
0.9962109417349567
0.9962109417349567
0.9962109417349567
0.9962109417349567
0.9962109417349567
0.9962109417349567
0.9962109417349567
0.9962109417349567
0.9962109417349567
At i = 1081:
0.9962109417349567
0.9962109417349567
0.9962109417349567
0.9962109417349567
0.9962109417349567
0.9962109417349567
0.9962109417349567
0.9962109417349567
0.9962109417349567
0.9962109417349567
0.9962109417349567
0.9962109417349567
0.9962109417349567
0.9962109417349567
0.9962109417349567
0.9962109417349567
0.9962109417349567
0.9962109417349567
0.9962109417349567
0.9962109417349567
0.9962109417349567
0.9962109417349567
0.9962109417349567
0.9962109417349567
0.9962109417349567
0.9962109417349567
0.9962109417349567
0.9962109417349567
0.9962109417349567
0.9962109417349567
At i = 1101:
0.9962109417349567
0.9962109417349567
0.9962109417349567
0.9962109417349567
0.9962109417349567
0.9962109417349567
0.9962109417349567
0.9962109417349567
0.9962109417349567
0.9962109417349567
0.9962109417349567
0.9962109417349567
0.9962109417349567
0.9962109417349567
0.9962109417349567
0.9962109417349567
0.9962109417349567
0.9962109417349567
0.9962109417349567
0.9962109417349567
0.9962109417349567
0.9962109417349567
0.9962109417349567
0.9962109417349567
0.9962109417349567
0.9962109417349567
0.9962109417349567
0.9962109417349567
0.9962109417349567
0.9962109417349567
At i = 1121:
0.9962109417349567
0.9962109417349567
0.9962109417349567
0.9962109417349567
0.9962109417349567
0.9962109417349567
0.9962109417349567
0.9962109417349567
0.9962109417349567
0.9962109417349567
0.9962109417349567
0.9962109417349567
0.9962109417349567
0.9962109417349567
0.9962109417349567
0.9962109417349567
0.9962109417349567
0.9962109417349567
0.9962109417349567
0.9962109417349567
0.9962109417349567
0.9962109417349567
0.9962109417349567
0.9962109417349567
0.9962109417349567
0.9962109417349567
0.9962109417349567
0.9962109417349567
0.9962109417349567
0.9962109417349567
At i = 1141:
0.9962109417349567
0.9962109417349567
0.9962109417349567
0.9962109417349567
0.9962109417349567
0.9962109417349567
0.9962109417349567
0.9962109417349567
0.9962109417349567
0.9962109417349567
0.9962109417349567
0.9962109417349567
0.9962109417349567
0.9962109417349567
0.9962109417349567
0.9962109417349567
0.9962109417349567
0.9962109417349567
0.9962109417349567
0.9962109417349567
0.9962109417349567
0.9962109417349567
0.9962109417349567
0.9962109417349567
0.9962109417349567
0.9962109417349567
0.9962109417349567
0.9962109417349567
0.9962109417349567
0.9962109417349567
At i = 1161:
0.9962109417349567
0.9962109417349567
0.9962109417349567
0.9962109417349567
0.9962109417349567
0.9962109417349567
0.9962109417349567
0.9962109417349567
0.9962109417349567
0.9962109417349567
0.9962109417349567
0.9962109417349567
0.9962109417349567
0.9962109417349567
0.9962109417349567
0.9962109417349567
0.9962109417349567
0.9962109417349567
0.9962109417349567
0.9962109417349567
0.9962109417349567
0.9962109417349567
0.9962109417349567
0.9962109417349567
0.9962109417349567
0.9962109417349567
0.9962109417349567
0.9962109417349567
0.9962109417349567
0.9962109417349567
At i = 1181:
0.9962109417349567
0.9962109417349567
0.9962109417349567
0.9962109417349567
0.9962109417349567
0.9962109417349567
0.9962109417349567
0.9962109417349567
0.9962109417349567
0.9962109417349567
0.9962109417349567
0.9962109417349567
0.9962109417349567
0.9962109417349567
0.9962109417349567
0.9962109417349567
0.9962109417349567
0.9962109417349567
0.9962109417349567
0.9962109417349567
0.9962109417349567
0.9962109417349567
0.9962109417349567
0.9962109417349567
0.9962109417349567
0.9962109417349567
0.9962109417349567
0.9962109417349567
0.9962109417349567
0.9962109417349567
At i = 1201:
0.9962109417349567
0.9962109417349567
0.9962109417349567
0.9962109417349567
0.9962109417349567
0.9962109417349567
0.9962109417349567
0.9962109417349567
0.9962109417349567
0.9962109417349567
0.9962109417349567
0.9962109417349567
0.9962109417349567
0.9962109417349567
0.9962109417349567
0.9962109417349567
0.9962109417349567
0.9962109417349567
0.9962109417349567
0.9962109417349567
0.9962109417349567
0.9962109417349567
0.9962109417349567
0.9962109417349567
0.9962109417349567
0.9962109417349567
0.9962109417349567
0.9962109417349567
0.9962109417349567
0.9962109417349567
At i = 1221:
0.9962109417349567
0.9962109417349567
0.9962109417349567
0.9962109417349567
0.9962109417349567
0.9962109417349567
0.9962109417349567
0.9962109417349567
0.9962109417349567
0.9962109417349567
0.9962109417349567
0.9962109417349567
0.9962109417349567
0.9962109417349567
0.9962109417349567
0.9962109417349567
0.9962109417349567
0.9962109417349567
0.9962109417349567
0.9962109417349567
0.9962109417349567
0.9962109417349567
0.9962109417349567
0.9962109417349567
0.9962109417349567
0.9962109417349567
0.9962109417349567
0.9962109417349567
0.9962109417349567
0.9962109417349567
At i = 1241:
0.9962109417349567
0.9962109417349567
0.9962109417349567
0.9962109417349567
0.9962109417349567
0.9962109417349567
0.9962109417349567
0.9962109417349567
0.9962109417349567
0.9962109417349567
0.9962109417349567
0.9962109417349567
0.9962109417349567
0.9962109417349567
0.9962109417349567
0.9962109417349567
0.9962109417349567
0.9962109417349567
0.9962109417349567
0.9962109417349567
0.9962109417349567
0.9962109417349567
0.9962109417349567
0.9962109417349567
0.9962109417349567
0.9962109417349567
0.9962109417349567
0.9962109417349567
0.9962109417349567
0.9962109417349567
At i = 1261:
0.9962109417349567
0.9962109417349567
0.9962109417349567
0.9962109417349567
0.9962109417349567
0.9962109417349567
0.9962109417349567
0.9962109417349567
0.9962109417349567
0.9962109417349567
0.9962109417349567
0.9962109417349567
0.9962109417349567
0.9962109417349567
0.9962109417349567
0.9962109417349567
0.9962109417349567
0.9962109417349567
0.9962109417349567
0.9962109417349567
0.9962109417349567
0.9962109417349567
0.9962109417349567
0.9962109417349567
0.9962109417349567
0.9962109417349567
0.9962109417349567
0.9962109417349567
0.9962109417349567
0.9962109417349567
At i = 1281:
0.9962109417349567
0.9962109417349567
0.9962109417349567
0.9962109417349567
0.9962109417349567
0.9962109417349567
0.9962109417349567
0.9962109417349567
0.9962109417349567
0.9962109417349567
0.9962109417349567
0.9962109417349567
0.9962109417349567
0.9962109417349567
0.9962109417349567
0.9962109417349567
0.9962109417349567
0.9962109417349567
0.9962109417349567
0.9962109417349567
0.9962109417349567
0.9962109417349567
0.9962109417349567
0.9962109417349567
0.9962109417349567
0.9962109417349567
0.9962109417349567
0.9962109417349567
0.9962109417349567
0.9962109417349567
At i = 1301:
0.9962109417349567
0.9962109417349567
0.9962109417349567
0.9962109417349567
0.9962109417349567
0.9962109417349567
0.9962109417349567
0.9962109417349567
0.9962109417349567
0.9962109417349567
0.9962109417349567
0.9962109417349567
0.9962109417349567
0.9962109417349567
0.9962109417349567
0.9962109417349567
0.9962109417349567
0.9962109417349567
0.9962109417349567
0.9962109417349567
0.9962109417349567
0.9962109417349567
0.9962109417349567
0.9962109417349567
0.9962109417349567
0.9962109417349567
0.9962109417349567
0.9962109417349567
0.9962109417349567
0.9962109417349567
At i = 1321:
0.9962109417349567
0.9962109417349567
0.9962109417349567
0.9962109417349567
0.9962109417349567
0.9962109417349567
0.9962109417349567
0.9962109417349567
0.9962109417349567
0.9962109417349567
0.9962109417349567
0.9962109417349567
0.9962109417349567
0.9962109417349567
0.9962109417349567
0.9962109417349567
0.9962109417349567
0.9962109417349567
0.9962109417349567
0.9962109417349567
0.9962109417349567
0.9962109417349567
0.9962109417349567
0.9962109417349567
0.9962109417349567
0.9962109417349567
0.9962109417349567
0.9962109417349567
0.9962109417349567
0.9962109417349567
At i = 1341:
0.9962109417349567
0.9962109417349567
0.9962109417349567
0.9962109417349567
0.9962109417349567
0.9962109417349567
0.9962109417349567
0.9962109417349567
0.9962109417349567
0.9962109417349567
0.9962109417349567
0.9962109417349567
0.9962109417349567
0.9962109417349567
0.9962109417349567
0.9962109417349567
0.9962109417349567
0.9962109417349567
0.9962109417349567
0.9962109417349567
0.9962109417349567
0.9962109417349567
0.9962109417349567
0.9962109417349567
0.9962109417349567
0.9962109417349567
0.9962109417349567
0.9962109417349567
0.9962109417349567
0.9962109417349567
At i = 1361:
0.9962109417349567
0.9962109417349567
0.9962109417349567
0.9962109417349567
0.9962109417349567
0.9962109417349567
0.9962109417349567
0.9962109417349567
0.9962109417349567
0.9962109417349567
0.9962109417349567
0.9962109417349567
0.9962109417349567
0.9962109417349567
0.9962109417349567
0.9962109417349567
0.9962109417349567
0.9962109417349567
0.9962109417349567
0.9962109417349567
0.9962109417349567
0.9962109417349567
0.9962109417349567
0.9962109417349567
0.9962109417349567
0.9962109417349567
0.9962109417349567
0.9962109417349567
0.9962109417349567
0.9962109417349567
At i = 1381:
0.9962109417349567
0.9962109417349567
0.9962109417349567
0.9962109417349567
0.9962109417349567
0.9962109417349567
0.9962109417349567
0.9962109417349567
0.9962109417349567
0.9962109417349567
0.9962109417349567
0.9962109417349567
0.9962109417349567
0.9962109417349567
0.9962109417349567
0.9962109417349567
0.9962109417349567
0.9962109417349567
0.9962109417349567
0.9962109417349567
0.9962109417349567
0.9962109417349567
0.9962109417349567
0.9962109417349567
0.9962109417349567
0.9962109417349567
0.9962109417349567
0.9962109417349567
0.9962109417349567
0.9962109417349567
At i = 1401:
0.9962109417349567
0.9962109417349567
0.9962109417349567
0.9962109417349567
0.9962109417349567
0.9962109417349567
0.9962109417349567
0.9962109417349567
0.9962109417349567
0.9962109417349567
0.9962109417349567
0.9962109417349567
0.9962109417349567
0.9962109417349567
0.9962109417349567
0.9962109417349567
0.9962109417349567
0.9962109417349567
0.9962109417349567
0.9962109417349567
0.9962109417349567
0.9962109417349567
0.9962109417349567
0.9962109417349567
0.9962109417349567
0.9962109417349567
0.9962109417349567
0.9962109417349567
0.9962109417349567
0.9962109417349567
At i = 1421:
0.9962109417349567
0.9962109417349567
0.9962109417349567
0.9962109417349567
0.9962109417349567
0.9962109417349567
0.9962109417349567
0.9962109417349567
0.9962109417349567
0.9962109417349567
0.9962109417349567
0.9962109417349567
0.9962109417349567
0.9962109417349567
0.9962109417349567
0.9962109417349567
0.9962109417349567
0.9962109417349567
0.9962109417349567
0.9962109417349567
0.9962109417349567
0.9962109417349567
0.9962109417349567
0.9962109417349567
0.9962109417349567
0.9962109417349567
0.9962109417349567
0.9962109417349567
0.9962109417349567
0.9962109417349567
At i = 1441:
0.9962109417349567
0.9962109417349567
0.9962109417349567
0.9962109417349567
0.9962109417349567
0.9962109417349567
0.9962109417349567
0.9962109417349567
0.9962109417349567
0.9962109417349567
0.9962109417349567
0.9962109417349567
0.9962109417349567
0.9962109417349567
0.9962109417349567
0.9962109417349567
0.9962109417349567
0.9962109417349567
0.9962109417349567
0.9962109417349567
0.9962109417349567
0.9962109417349567
0.9962109417349567
0.9962109417349567
0.9962109417349567
0.9962109417349567
0.9962109417349567
0.9962109417349567
0.9962109417349567
0.9962109417349567
At i = 1461:
0.9962109417349567
0.9962109417349567
0.9962109417349567
0.9962109417349567
0.9962109417349567
0.9962109417349567
0.9962109417349567
0.9962109417349567
0.9962109417349567
0.9962109417349567
0.9962109417349567
0.9962109417349567
0.9962109417349567
0.9962109417349567
0.9962109417349567
0.9962109417349567
0.9962109417349567
0.9962109417349567
0.9962109417349567
0.9962109417349567
0.9962109417349567
0.9962109417349567
0.9962109417349567
0.9962109417349567
0.9962109417349567
0.9962109417349567
0.9962109417349567
0.9962109417349567
0.9962109417349567
0.9962109417349567
At i = 1481:
0.9962109417349567
0.9962109417349567
0.9962109417349567
0.9962109417349567
0.9962109417349567
0.9962109417349567
0.9962109417349567
0.9962109417349567
0.9962109417349567
0.9962109417349567
0.9962109417349567
0.9962109417349567
0.9962109417349567
0.9962109417349567
0.9962109417349567
0.9962109417349567
0.9962109417349567
0.9962109417349567
0.9962109417349567
0.9962109417349567
0.9962109417349567
0.9962109417349567
0.9962109417349567
0.9962109417349567
0.9962109417349567
0.9962109417349567
0.9962109417349567
0.9962109417349567
0.9962109417349567
0.9962109417349567
At i = 1501:
0.9962109417349567
0.9962109417349567
0.9962109417349567
0.9962109417349567
0.9962109417349567
0.9962109417349567
0.9962109417349567
0.9962109417349567
0.9962109417349567
0.9962109417349567
0.9962109417349567
0.9962109417349567
0.9962109417349567
0.9962109417349567
0.9962109417349567
0.9962109417349567
0.9962109417349567
0.9962109417349567
0.9962109417349567
0.9962109417349567
0.9962109417349567
0.9962109417349567
0.9962109417349567
0.9962109417349567
0.9962109417349567
0.9962109417349567
0.9962109417349567
0.9962109417349567
0.9962109417349567
0.9962109417349567
At i = 1521:
0.9962109417349567
0.9962109417349567
0.9962109417349567
0.9962109417349567
0.9962109417349567
0.9962109417349567
0.9962109417349567
0.9962109417349567
0.9962109417349567
0.9962109417349567
0.9962109417349567
0.9962109417349567
0.9962109417349567
0.9962109417349567
0.9962109417349567
0.9962109417349567
0.9962109417349567
0.9962109417349567
0.9962109417349567
0.9962109417349567
0.9962109417349567
0.9962109417349567
0.9962109417349567
0.9962109417349567
0.9962109417349567
0.9962109417349567
0.9962109417349567
0.9962109417349567
0.9962109417349567
0.9962109417349567
At i = 1541:
0.9962109417349567
0.9962109417349567
0.9962109417349567
0.9962109417349567
0.9962109417349567
0.9962109417349567
0.9962109417349567
0.9962109417349567
0.9962109417349567
0.9962109417349567
0.9962109417349567
0.9962109417349567
0.9962109417349567
0.9962109417349567
0.9962109417349567
0.9962109417349567
0.9962109417349567
0.9962109417349567
0.9962109417349567
0.9962109417349567
0.9962109417349567
0.9962109417349567
0.9962109417349567
0.9962109417349567
0.9962109417349567
0.9962109417349567
0.9962109417349567
0.9962109417349567
0.9962109417349567
0.9962109417349567
At i = 1561:
0.9962109417349567
0.9962109417349567
0.9962109417349567
0.9962109417349567
0.9962109417349567
0.9962109417349567
0.9962109417349567
0.9962109417349567
0.9962109417349567
0.9962109417349567
0.9962109417349567
0.9962109417349567
0.9962109417349567
0.9962109417349567
0.9962109417349567
0.9962109417349567
0.9962109417349567
0.9962109417349567
0.9962109417349567
0.9962109417349567
0.9962109417349567
0.9962109417349567
0.9962109417349567
0.9962109417349567
0.9962109417349567
0.9962109417349567
0.9962109417349567
0.9962109417349567
0.9962109417349567
0.9962109417349567
At i = 1581:
0.9962109417349567
0.9962109417349567
0.9962109417349567
0.9962109417349567
0.9962109417349567
0.9962109417349567
0.9962109417349567
0.9962109417349567
0.9962109417349567
0.9962109417349567
0.9962109417349567
0.9962109417349567
0.9962109417349567
0.9962109417349567
0.9962109417349567
0.9962109417349567
0.9962109417349567
0.9962109417349567
0.9962109417349567
0.9962109417349567
0.9962109417349567
0.9962109417349567
0.9962109417349567
0.9962109417349567
0.9962109417349567
0.9962109417349567
0.9962109417349567
0.9962109417349567
0.9962109417349567
0.9962109417349567
At i = 1601:
0.9962109417349567
0.9962109417349567
0.9962109417349567
0.9962109417349567
0.9962109417349567
0.9962109417349567
0.9962109417349567
0.9962109417349567
0.9962109417349567
0.9962109417349567
0.9962109417349567
0.9962109417349567
0.9962109417349567
0.9962109417349567
0.9962109417349567
0.9962109417349567
0.9962109417349567
0.9962109417349567
0.9962109417349567
0.9962109417349567
0.9962109417349567
0.9962109417349567
0.9962109417349567
0.9962109417349567
0.9962109417349567
0.9962109417349567
0.9962109417349567
0.9962109417349567
0.9962109417349567
0.9962109417349567
At i = 1621:
0.9962109417349567
0.9962109417349567
0.9962109417349567
0.9962109417349567
0.9962109417349567
0.9962109417349567
0.9962109417349567
0.9962109417349567
0.9962109417349567
0.9962109417349567
0.9962109417349567
0.9962109417349567
0.9962109417349567
0.9962109417349567
0.9962109417349567
0.9962109417349567
0.9962109417349567
0.9962109417349567
0.9962109417349567
0.9962109417349567
0.9962109417349567
0.9962109417349567
0.9962109417349567
0.9962109417349567
0.9962109417349567
0.9962109417349567
0.9962109417349567
0.9962109417349567
0.9962109417349567
0.9962109417349567
At i = 1641:
0.9962109417349567
0.9962109417349567
0.9962109417349567
0.9962109417349567
0.9962109417349567
0.9962109417349567
0.9962109417349567
0.9962109417349567
0.9962109417349567
0.9962109417349567
0.9962109417349567
0.9962109417349567
0.9962109417349567
0.9962109417349567
0.9962109417349567
0.9962109417349567
0.9962109417349567
0.9962109417349567
0.9962109417349567
0.9962109417349567
0.9962109417349567
0.9962109417349567
0.9962109417349567
0.9962109417349567
0.9962109417349567
0.9962109417349567
0.9962109417349567
0.9962109417349567
0.9962109417349567
0.9962109417349567
At i = 1661:
0.9962109417349567
0.9962109417349567
0.9962109417349567
0.9962109417349567
0.9962109417349567
0.9962109417349567
0.9962109417349567
0.9962109417349567
0.9962109417349567
0.9962109417349567
0.9962109417349567
0.9962109417349567
0.9962109417349567
0.9962109417349567
0.9962109417349567
0.9962109417349567
0.9962109417349567
0.9962109417349567
0.9962109417349567
0.9962109417349567
0.9962109417349567
0.9962109417349567
0.9962109417349567
0.9962109417349567
0.9962109417349567
0.9962109417349567
0.9962109417349567
0.9962109417349567
0.9962109417349567
0.9962109417349567
At i = 1681:
0.9962109417349567
0.9962109417349567
0.9962109417349567
0.9962109417349567
0.9962109417349567
0.9962109417349567
0.9962109417349567
0.9962109417349567
0.9962109417349567
0.9962109417349567
0.9962109417349567
0.9962109417349567
0.9962109417349567
0.9962109417349567
0.9962109417349567
0.9962109417349567
0.9962109417349567
0.9962109417349567
0.9962109417349567
0.9962109417349567
0.9962109417349567
0.9962109417349567
0.9962109417349567
0.9962109417349567
0.9962109417349567
0.9962109417349567
0.9962109417349567
0.9962109417349567
0.9962109417349567
0.9962109417349567
At i = 1701:
0.9962109417349567
0.9962109417349567
0.9962109417349567
0.9962109417349567
0.9962109417349567
0.9962109417349567
0.9962109417349567
0.9962109417349567
0.9962109417349567
0.9962109417349567
0.9962109417349567
0.9962109417349567
0.9962109417349567
0.9962109417349567
0.9962109417349567
0.9962109417349567
0.9962109417349567
0.9962109417349567
0.9962109417349567
0.9962109417349567
0.9962109417349567
0.9962109417349567
0.9962109417349567
0.9962109417349567
0.9962109417349567
0.9962109417349567
0.9962109417349567
0.9962109417349567
0.9962109417349567
0.9962109417349567
At i = 1721:
0.9962109417349567
0.9962109417349567
0.9962109417349567
0.9962109417349567
0.9962109417349567
0.9962109417349567
0.9962109417349567
0.9962109417349567
0.9962109417349567
0.9962109417349567
0.9962109417349567
0.9962109417349567
0.9962109417349567
0.9962109417349567
0.9962109417349567
0.9962109417349567
0.9962109417349567
0.9962109417349567
0.9962109417349567
0.9962109417349567
0.9962109417349567
0.9962109417349567
0.9962109417349567
0.9962109417349567
0.9962109417349567
0.9962109417349567
0.9962109417349567
0.9962109417349567
0.9962109417349567
0.9962109417349567
At i = 1741:
0.9962109417349567
0.9962109417349567
0.9962109417349567
0.9962109417349567
0.9962109417349567
0.9962109417349567
0.9962109417349567
0.9962109417349567
0.9962109417349567
0.9962109417349567
0.9962109417349567
0.9962109417349567
0.9962109417349567
0.9962109417349567
0.9962109417349567
0.9962109417349567
0.9962109417349567
0.9962109417349567
0.9962109417349567
0.9962109417349567
0.9962109417349567
0.9962109417349567
0.9962109417349567
0.9962109417349567
0.9962109417349567
0.9962109417349567
0.9962109417349567
0.9962109417349567
0.9962109417349567
0.9962109417349567
At i = 1761:
0.9962109417349567
0.9962109417349567
0.9962109417349567
0.9962109417349567
0.9962109417349567
0.9962109417349567
0.9962109417349567
0.9962109417349567
0.9962109417349567
0.9962109417349567
0.9962109417349567
0.9962109417349567
0.9962109417349567
0.9962109417349567
0.9962109417349567
0.9962109417349567
0.9962109417349567
0.9962109417349567
0.9962109417349567
0.9962109417349567
0.9962109417349567
0.9962109417349567
0.9962109417349567
0.9962109417349567
0.9962109417349567
0.9962109417349567
0.9962109417349567
0.9962109417349567
0.9962109417349567
0.9962109417349567
At i = 1781:
0.9962109417349567
0.9962109417349567
0.9962109417349567
0.9962109417349567
0.9962109417349567
0.9962109417349567
0.9962109417349567
0.9962109417349567
0.9962109417349567
0.9962109417349567
0.9962109417349567
0.9962109417349567
0.9962109417349567
0.9962109417349567
0.9962109417349567
0.9962109417349567
0.9962109417349567
0.9962109417349567
0.9962109417349567
0.9962109417349567
0.9962109417349567
0.9962109417349567
0.9962109417349567
0.9962109417349567
0.9962109417349567
0.9962109417349567
0.9962109417349567
0.9962109417349567
0.9962109417349567
0.9962109417349567
At i = 1801:
0.9962109417349567
0.9962109417349567
0.9962109417349567
0.9962109417349567
0.9962109417349567
0.9962109417349567
0.9962109417349567
0.9962109417349567
0.9962109417349567
0.9962109417349567
0.9962109417349567
0.9962109417349567
0.9962109417349567
0.9962109417349567
0.9962109417349567
0.9962109417349567
0.9962109417349567
0.9962109417349567
0.9962109417349567
0.9962109417349567
0.9962109417349567
0.9962109417349567
0.9962109417349567
0.9962109417349567
0.9962109417349567
0.9962109417349567
0.9962109417349567
0.9962109417349567
0.9962109417349567
0.9962109417349567
At i = 1821:
0.9962109417349567
0.9962109417349567
0.9962109417349567
0.9962109417349567
0.9962109417349567
0.9962109417349567
0.9962109417349567
0.9962109417349567
0.9962109417349567
0.9962109417349567
0.9962109417349567
0.9962109417349567
0.9962109417349567
0.9962109417349567
0.9962109417349567
0.9962109417349567
0.9962109417349567
0.9962109417349567
0.9962109417349567
0.9962109417349567
0.9962109417349567
0.9962109417349567
0.9962109417349567
0.9962109417349567
0.9962109417349567
0.9962109417349567
0.9962109417349567
0.9962109417349567
0.9962109417349567
0.9962109417349567
At i = 1841:
0.9962109417349567
0.9962109417349567
0.9962109417349567
0.9962109417349567
0.9962109417349567
0.9962109417349567
0.9962109417349567
0.9962109417349567
0.9962109417349567
0.9962109417349567
0.9962109417349567
0.9962109417349567
0.9962109417349567
0.9962109417349567
0.9962109417349567
0.9962109417349567
0.9962109417349567
0.9962109417349567
0.9962109417349567
0.9962109417349567
0.9962109417349567
0.9962109417349567
0.9962109417349567
0.9962109417349567
0.9962109417349567
0.9962109417349567
0.9962109417349567
0.9962109417349567
0.9962109417349567
0.9962109417349567
At i = 1861:
0.9962109417349567
0.9962109417349567
0.9962109417349567
0.9962109417349567
0.9962109417349567
0.9962109417349567
0.9962109417349567
0.9962109417349567
0.9962109417349567
0.9962109417349567
0.9962109417349567
0.9962109417349567
0.9962109417349567
0.9962109417349567
0.9962109417349567
0.9962109417349567
0.9962109417349567
0.9962109417349567
0.9962109417349567
0.9962109417349567
0.9962109417349567
0.9962109417349567
0.9962109417349567
0.9962109417349567
0.9962109417349567
0.9962109417349567
0.9962109417349567
0.9962109417349567
0.9962109417349567
0.9962109417349567
At i = 1881:
0.9962109417349567
0.9962109417349567
0.9962109417349567
0.9962109417349567
0.9962109417349567
0.9962109417349567
0.9962109417349567
0.9962109417349567
0.9962109417349567
0.9962109417349567
0.9962109417349567
0.9962109417349567
0.9962109417349567
0.9962109417349567
0.9962109417349567
0.9962109417349567
0.9962109417349567
0.9962109417349567
0.9962109417349567
0.9962109417349567
0.9962109417349567
0.9962109417349567
0.9962109417349567
0.9962109417349567
0.9962109417349567
0.9962109417349567
0.9962109417349567
0.9962109417349567
0.9962109417349567
0.9962109417349567
At i = 1901:
0.9962109417349567
0.9962109417349567
0.9962109417349567
0.9962109417349567
0.9962109417349567
0.9962109417349567
0.9962109417349567
0.9962109417349567
0.9962109417349567
0.9962109417349567
0.9962109417349567
0.9962109417349567
0.9962109417349567
0.9962109417349567
0.9962109417349567
0.9962109417349567
0.9962109417349567
0.9962109417349567
0.9962109417349567
0.9962109417349567
0.9962109417349567
0.9962109417349567
0.9962109417349567
0.9962109417349567
0.9962109417349567
0.9962109417349567
0.9962109417349567
0.9962109417349567
0.9962109417349567
0.9962109417349567
At i = 1921:
0.9962109417349567
0.9962109417349567
0.9962109417349567
0.9962109417349567
0.9962109417349567
0.9962109417349567
0.9962109417349567
0.9962109417349567
0.9962109417349567
0.9962109417349567
0.9962109417349567
0.9962109417349567
0.9962109417349567
0.9962109417349567
0.9962109417349567
0.9962109417349567
0.9962109417349567
0.9962109417349567
0.9962109417349567
0.9962109417349567
0.9962109417349567
0.9962109417349567
0.9962109417349567
0.9962109417349567
0.9962109417349567
0.9962109417349567
0.9962109417349567
0.9962109417349567
0.9962109417349567
0.9962109417349567
