At i = 1:
[138 140 214]
[114  20 235]
[213  90 110]
[235  58 220]
[174 159 195]
[31  8 79]
[ 40  46 236]
[184  40  67]
[188 228  40]
[112 160 209]
[ 83 210  58]
[ 57  67 227]
[139  88  25]
[ 46 154 214]
[148 127  25]
[96 67 44]
[197 215  44]
[  2 108  58]
[ 67 143  96]
[ 15 154  58]
At i = 21:
[138 140 214]
[ 67 127   0]
[ 79  58 236]
[ 32 127  44]
[228 220  40]
[202  67 220]
[ 54 235 162]
[214 228  40]
[ 24  52 235]
[114  20 235]
[ 9 67 37]
[ 35  48 140]
[15 64 41]
[118  40 140]
[  0 215 113]
[235  26  58]
[117  38  58]
[147  11 235]
[72 40 67]
[201 235  40]
At i = 41:
[112 235  58]
[164  58 235]
[138 140 214]
[ 12 119  58]
[205  25  40]
[ 78 235  58]
[125 140  40]
[111 140  40]
[140 232  40]
[155  11 235]
[ 67 127   0]
[ 41 123  40]
[150 140  40]
[ 57  34 140]
[ 79  58 236]
[127  44 220]
[178 235  25]
[54 40 20]
[110 228  40]
[141 228  40]
[ 32 127  44]
At i = 61:
[112 235  58]
[152 140  40]
[152 140  40]
[164  58 235]
[157 235  58]
[138 140 214]
[ 12 119  58]
[205  25  40]
[ 56 235  58]
[131 140  40]
[ 78 235  58]
[140  40  25]
[ 63 235  58]
[205  40 140]
[ 30 140  40]
[125 140  40]
[111 140  40]
[103 232  40]
[ 69 235  58]
[140 232  40]
[141 228  40]
At i = 81:
[190 235  58]
[190 235  58]
[190 235  58]
[190 235  58]
[190 235  58]
[190 235  58]
[190 235  58]
[190 235  58]
[190 235  58]
[190 235  58]
[190 235  58]
[190 235  58]
[190 235  58]
[189 140  40]
[  7 140  40]
[112 235  58]
[112 235  58]
[112 235  58]
[112 235  58]
[112 235  58]
[112 235  58]
At i = 101:
[190 235  58]
[190 235  58]
[190 235  58]
[190 235  58]
[190 235  58]
[190 235  58]
[190 235  58]
[190 235  58]
[190 235  58]
[190 235  58]
[190 235  58]
[190 235  58]
[190 235  58]
[190 235  58]
[112 235  58]
[112 235  58]
[112 235  58]
[112 235  58]
[112 235  58]
[112 235  58]
At i = 121:
[190 235  58]
[190 235  58]
[190 235  58]
[190 235  58]
[190 235  58]
[190 235  58]
[190 235  58]
[190 235  58]
[190 235  58]
[190 235  58]
[190 235  58]
[190 235  58]
[190 235  58]
[190 235  58]
[190 235  58]
[190 235  58]
[190 235  58]
[190 235  58]
[190 235  58]
[112 235  58]
At i = 141:
[190 235  58]
[190 235  58]
[190 235  58]
[190 235  58]
[190 235  58]
[190 235  58]
[190 235  58]
[190 235  58]
[190 235  58]
[190 235  58]
[190 235  58]
[190 235  58]
[190 235  58]
[190 235  58]
[190 235  58]
[190 235  58]
[190 235  58]
[190 235  58]
[112 235  58]
[112 235  58]
At i = 161:
[190 235  58]
[190 235  58]
[190 235  58]
[190 235  58]
[190 235  58]
[190 235  58]
[190 235  58]
[190 235  58]
[190 235  58]
[190 235  58]
[190 235  58]
[190 235  58]
[190 235  58]
[190 235  58]
[190 235  58]
[190 235  58]
[190 235  58]
[190 235  58]
[112 235  58]
[112 235  58]
