At i = 1:
0.8064035979936242
0.8003366668387023
0.7990091828472253
0.7957994538103491
0.7811187853235003
0.7793184491316645
0.7720468166917753
0.770502195884102
0.7699366446447787
0.7593770301468087
0.7538593881191119
0.7509744449537203
0.7464714109175572
0.7418470785968116
0.7411479767546068
0.7408976068774603
0.7376898279146297
0.7349799402343195
0.7332386044506272
0.7287288401849236
0.7280595356178302
0.7274998600645246
0.7274728033956247
0.7273687497359039
0.7255817757403079
0.7172547419336455
0.7149090894197622
0.7147118030268294
0.713985917669417
0.7137462706956083
0.7135940161637355
0.7126948436718044
0.7115564685679228
0.7112672210177662
0.7100827220261607
0.7092416868333465
0.707542534260156
0.706896761719132
0.706794972973129
0.7065020285528333
0.7062178748145971
0.7046588106728157
At i = 21:
0.9328535227444114
0.9316793999265688
0.9316793999265687
0.9307732972688915
0.9294221070599987
0.9284984685889242
0.9244423951716516
0.9243620072041558
0.9166997892511205
0.9142395415235525
0.913640416036959
0.913640416036959
0.9134801295612082
0.913314306382034
0.912570932474018
0.9125709324740179
0.9125245264753993
0.9119808410251516
0.9119212592008893
0.911511071170141
0.9108103872362447
0.910638076448299
0.909497858647611
0.909038677974933
0.9090386779749327
0.9090059272533235
0.9090059272533233
0.9089664978219529
0.9089088937963938
0.9089088937963938
0.90862924911007
0.9084896751965914
0.9084354798814375
0.9083192587342596
0.9077827826517022
0.9072495593682488
0.9065596937238259
0.9065596937238258
0.9065349070796351
0.9063926878064096
0.9061937985748548
0.905716253511131
At i = 41:
0.9328535227444114
0.932853522744411
0.932853522744411
0.9316793999265688
0.9316793999265687
0.9308085942123252
0.9307732972688915
0.9294221070599987
0.9294221070599987
0.9284984685889242
0.9284984685889242
0.9284984685889242
0.9284984685889242
0.9248147823219544
0.9248147823219544
0.9248147823219544
0.9244423951716516
0.9244423951716513
0.9243620072041558
0.9243620072041558
0.9243620072041558
0.9225159663614793
0.92138091748264
0.92138091748264
0.92138091748264
0.92138091748264
0.92138091748264
0.92138091748264
0.92138091748264
0.92138091748264
0.9208712268490804
0.9202181904976301
0.9202181904976301
0.9202141659273231
0.9202141659273231
0.920167829787094
0.920167829787094
0.9187476131378269
0.9187476131378269
0.9173719431465592
0.9166997892511207
0.9117766184843421
At i = 61:
0.9328535227444114
0.932853522744411
0.932853522744411
0.9316793999265688
0.9316793999265688
0.9316793999265688
0.9316793999265687
0.9308085942123252
0.9308085942123252
0.9308085942123252
0.9307732972688915
0.9301912241875823
0.9294221070599987
0.9294221070599987
0.9294221070599987
0.9284984685889242
0.9284984685889242
0.9284984685889242
0.9284984685889242
0.9284984685889242
0.9248147823219544
0.9248147823219544
0.9248147823219544
0.9244423951716516
0.9244423951716516
0.9244423951716513
0.9244423951716513
0.9244423951716513
0.9243620072041558
0.9243620072041558
0.9243620072041558
0.9243620072041558
0.9243620072041558
0.9243620072041558
0.9230501015228614
0.9230501015228614
0.9225159663614793
0.9225159663614793
0.922277902561409
0.922277902561409
0.9216292516545647
0.920167829787094
At i = 81:
0.9328535227444114
0.932853522744411
0.932853522744411
0.932853522744411
0.9316793999265688
0.9316793999265688
0.9316793999265688
0.9316793999265687
0.9316793999265687
0.9316793999265687
0.9308085942123252
0.9308085942123252
0.9308085942123252
0.9308085942123252
0.9308085942123252
0.9308085942123252
0.9307732972688915
0.9307732972688915
0.9301912241875823
0.9301912241875823
0.9301912241875823
0.9301912241875823
0.9301912241875823
0.9294221070599987
0.9294221070599987
0.9294221070599987
0.9294221070599987
0.9294221070599987
0.9294221070599987
0.9294221070599987
0.9294221070599987
0.9294221070599987
0.9284984685889242
0.9284984685889242
0.9284984685889242
0.9284984685889242
0.9284984685889242
0.9248147823219544
0.9248147823219544
0.9248147823219544
At i = 101:
0.9328535227444114
0.932853522744411
0.932853522744411
0.932853522744411
0.932853522744411
0.932853522744411
0.932853522744411
0.932853522744411
0.932853522744411
0.932853522744411
0.932853522744411
0.932853522744411
0.932853522744411
0.932853522744411
0.9316793999265688
0.9316793999265688
0.9316793999265688
0.9316793999265688
0.9316793999265687
0.9316793999265687
0.9316793999265687
0.9316793999265687
0.9316793999265687
0.9316793999265687
0.9316793999265687
0.9316793999265687
0.9316793999265687
0.9316793999265687
0.9316793999265687
0.9308085942123252
0.9308085942123252
0.9308085942123252
0.9308085942123252
0.9308085942123252
0.9308085942123252
0.9308085942123252
0.9308085942123252
0.9308085942123252
0.9308085942123252
0.9308085942123252
At i = 121:
0.9328535227444114
0.9328535227444114
0.9328535227444114
0.9328535227444114
0.9328535227444114
0.9328535227444114
0.932853522744411
0.932853522744411
0.932853522744411
0.932853522744411
0.932853522744411
0.932853522744411
0.932853522744411
0.932853522744411
0.932853522744411
0.932853522744411
0.932853522744411
0.932853522744411
0.932853522744411
0.932853522744411
0.932853522744411
0.932853522744411
0.932853522744411
0.932853522744411
0.932853522744411
0.932853522744411
0.932853522744411
0.932853522744411
0.932853522744411
0.932853522744411
0.932853522744411
0.932853522744411
0.932853522744411
0.932853522744411
0.932853522744411
0.932853522744411
0.932853522744411
0.932853522744411
0.932853522744411
0.932853522744411
0.9316793999265687
0.9316793999265687
0.9316793999265687
0.9316793999265687
0.9316793999265687
