At i = 1:
[1398 1528 1562  219]
[1033  139 1562  718]
[ 70 664 421 281]
[471 915 774 887]
[1027  219  915 1562]
[ 878 1118  518 1562]
[ 392 1257  915 1562]
[1295  328 1562 1215]
[ 429  661 1180 1562]
[  38  255 1078 1170]
[ 629 1562 1528 1350]
[ 126  629 1257  447]
[ 195 1495 1411 1562]
[ 608  126 1528 1562]
[1081 1298 1526 1562]
[1455 1528  377  915]
[ 420 1117 1425 1562]
[ 373 1436 1411  718]
[1132 1298 1528 1562]
[ 812  718  453 1562]
[1470  219 1350 1528]
[1048  347 1258 1562]
[1218  219 1528 1562]
[ 869  347 1562 1298]
[456 219 561 108]
[ 935  718 1562  485]
[ 140 1455  219 1493]
[   1 1137 1258  936]
[ 834 1562  718 1528]
[925 328 915 421]
[ 800   65  175 1350]
[ 571  718 1562 1541]
[ 149 1298  219 1011]
[  66 1509 1350  108]
[ 664 1562 1528 1023]
[ 810 1550 1298 1562]
[788 718 915 328]
[ 489 1562  718 1562]
[ 70 858 618 718]
[ 417 1009 1562  734]
[  70  139 1056  123]
[1048  876  718 1562]
At i = 21:
[1141 1562  732 1180]
[1086  732 1562 1180]
[ 977 1562 1180  732]
[  15 1533 1562  732]
[1346 1180 1562  732]
[ 334 1180 1562  732]
[1000 1180 1562  732]
[ 589  732 1562 1541]
[1300 1180 1562  732]
[ 558 1180  732 1562]
[1533 1258 1562  732]
[ 513 1541 1562  732]
[1027 1180  732 1562]
[ 534 1180 1562  732]
[1322 1562 1180  732]
[ 663 1180 1562  732]
[1017 1180 1562  732]
[1370 1180  732 1562]
[1339 1180 1562  732]
[1393 1180 1562  732]
[1208 1180  732 1562]
[ 649  732 1562 1180]
[ 649 1180 1562  732]
[ 417 1562  732 1180]
[1505 1180 1562  732]
[1407 1562 1180  732]
[1407 1180  732 1562]
[1489 1562 1180  732]
[1146 1180 1562  732]
[ 715 1180 1562  732]
[ 335 1180 1562  732]
[ 789 1180 1562  732]
[ 973 1562 1180  732]
[ 522 1180  732 1562]
[1402 1180 1562  732]
[ 947 1180 1562  732]
[ 601 1180  732 1562]
[ 199 1180  732 1562]
[ 451 1085 1562  732]
[ 267 1541 1562  732]
[1168 1180 1562  732]
[ 909 1180 1562  732]
At i = 41:
[1387 1180 1562  732]
[1387 1180 1562  732]
[1004 1180 1562  732]
[1032 1180 1562  732]
[1032 1180 1562  732]
[1387 1180 1562  732]
[1387 1180 1562  732]
[1004 1180 1562  732]
[1004 1180 1562  732]
[1032 1180 1562  732]
[1032 1180 1562  732]
[1004 1180  732 1562]
[1387 1180 1562  732]
[1004 1180 1562  732]
[1387 1180 1562  732]
[1004 1180 1562  732]
[1387 1180 1562  732]
[1032 1180 1562  732]
[1387 1180 1562  732]
[1387 1180 1562  732]
[1004 1180 1562  732]
[1032 1562 1180  732]
[ 468 1180 1562  732]
[ 468 1180 1562  732]
[ 372 1180 1562  732]
[ 468 1180 1562  732]
[ 468 1180  732 1562]
[1004  347 1562 1180]
[ 574 1180 1562  732]
[ 574 1180 1562  732]
[ 574 1180 1562  732]
[ 574 1180 1562  732]
[ 574 1180 1562  732]
[ 574 1180 1562  732]
[ 574 1180 1562  732]
[ 574 1180  732 1562]
[ 574 1180 1562  732]
[ 574 1180 1562  732]
[ 574 1180 1562  732]
[ 300 1180 1562  732]
[ 300 1180  732 1562]
[ 300 1180 1562  732]
At i = 61:
[1387 1180 1562  732]
[1387 1180 1562  732]
[1004 1180 1562  732]
[1004 1180 1562  732]
[1387 1180 1562  732]
[1004 1180 1562  732]
[1004 1180 1562  732]
[1387 1180 1562  732]
[1032 1180 1562  732]
[1387 1180 1562  732]
[1032 1180 1562  732]
[1004 1180 1562  732]
[1387 1180 1562  732]
[1387 1180 1562  732]
[1032 1180 1562  732]
[1387 1180 1562  732]
[1387 1180 1562  732]
[1387 1180 1562  732]
[1387 1180 1562  732]
[1004 1180 1562  732]
[1004 1180 1562  732]
[1004 1180 1562  732]
[1004 1180 1562  732]
[1032 1180 1562  732]
[1387 1180 1562  732]
[1004 1180 1562  732]
[1004 1180 1562  732]
[1004 1180 1562  732]
[1032 1180 1562  732]
[1032 1180 1562  732]
[1032 1180 1562  732]
[1032 1180 1562  732]
[1004 1180 1562  732]
[1032 1180 1562  732]
[1387 1180 1562  732]
[1032 1180 1562  732]
[ 798 1180 1562 1032]
[ 798 1180 1562 1032]
[1387 1180 1562 1032]
[ 826 1180 1562 1032]
At i = 81:
[1387 1180 1562  732]
[1387 1180 1562  732]
[1387 1180 1562  732]
[1032 1180 1562  732]
[1387 1180 1562  732]
[1387 1180 1562  732]
[1387 1180 1562  732]
[1004 1180 1562  732]
[1032 1180 1562  732]
[1032 1180 1562  732]
[1004 1180 1562  732]
[1387 1180 1562  732]
[1032 1180 1562  732]
[1004 1180 1562  732]
[1387 1180 1562  732]
[1004 1180 1562  732]
[1387 1180 1562  732]
[1004 1180 1562  732]
[1387 1180 1562  732]
[1032 1180 1562  732]
[1387 1180 1562  732]
[1032 1180 1562  732]
[1387 1180 1562  732]
[1387 1180 1562  732]
[1387 1180 1562  732]
[1004 1180 1562  732]
[1387 1180 1562  732]
[1032 1180 1562  732]
[1387 1180 1562  732]
[1387 1180 1562  732]
[1004 1180 1562  732]
[1004 1180 1562  732]
[1387 1180 1562  732]
[1004 1180 1562  732]
[1004 1180 1562  732]
[1387 1180 1562  732]
[1032 1180 1562  732]
[ 732 1180 1562 1032]
[ 826 1180 1562 1032]
[ 732 1180 1562 1032]
At i = 101:
[1387 1180 1562  732]
[1032 1180 1562  732]
[1004 1180 1562  732]
[1387 1180 1562  732]
[1387 1180 1562  732]
[1032 1180 1562  732]
[1032 1180 1562  732]
[1032 1180 1562  732]
[1004 1180 1562  732]
[1004 1180 1562  732]
[1387 1180 1562  732]
[1032 1180 1562  732]
[1387 1180 1562  732]
[1004 1180 1562  732]
[1032 1180 1562  732]
[1387 1180 1562  732]
[1004 1180 1562  732]
[1032 1180 1562  732]
[1387 1180 1562  732]
[1032 1180 1562  732]
[1032 1180 1562  732]
[1387 1180 1562  732]
[1004 1180 1562  732]
[1387 1180 1562  732]
[1387 1180 1562  732]
[1387 1180 1562  732]
[1032 1180 1562  732]
[1004 1180 1562  732]
[1004 1180 1562  732]
[1032 1180 1562  732]
[1004 1180 1562  732]
[1032 1180 1562  732]
[1032 1180 1562  732]
[1387 1180 1562  732]
[1004 1180 1562  732]
[1032 1180 1562  732]
[1387 1180 1562  732]
[1387 1180 1562  732]
[1032 1180 1562  732]
[ 732 1180 1562 1032]
At i = 121:
[1387 1180 1562  732]
[1387 1180 1562  732]
[1032 1180 1562  732]
[1004 1180 1562  732]
[1387 1180 1562  732]
[1004 1180  732 1562]
[1032 1180 1562  732]
[1004 1180 1562  732]
[1387 1180 1562  732]
[ 316 1387 1562  732]
[1387 1180 1562  732]
[1004 1180 1562  732]
[1032 1180 1562  732]
[1387 1180 1562  732]
[1004 1180 1562  732]
[1032 1180 1562  732]
[1032 1180 1562  732]
[1004 1180 1562  732]
[1032 1180 1562  732]
[1032 1180 1562  732]
[1387 1180 1562  732]
[1004 1180 1562  732]
[1004 1180 1562  732]
[1387 1180 1562  732]
[1387 1180 1562  732]
[1004 1180 1562  732]
[1387 1180 1562  732]
[1387 1180 1562  732]
[1004 1180 1562  732]
[1387 1180 1562  732]
[1004 1180 1562  732]
[1387 1180 1562  732]
[1032 1180 1562  732]
[1387 1180 1562  732]
[1387 1180 1562  732]
[1032 1180 1562  732]
[1004 1180 1562  732]
[1387 1180 1562  732]
[1004 1180 1562  732]
[ 826 1180 1562 1032]
At i = 141:
[1387 1180 1562  732]
[1387 1180 1562  732]
[1387 1180 1562  732]
[1387 1180 1562  732]
[1387 1180 1562  732]
[1032 1180 1562  732]
[1032 1180 1562  732]
[1004 1180 1562  732]
[1032 1180 1562  732]
[1387 1180 1562  732]
[1387 1180 1562  732]
[1004 1180 1562  732]
[1387 1180 1562  732]
[1387 1180 1562  732]
[1004 1180 1562  732]
[1387 1180 1562  732]
[1387 1180 1562  732]
[1004 1180 1562  732]
[ 316 1004 1562  732]
[1387 1180 1562  732]
[1387 1180 1562  732]
[1387 1180 1562  732]
[1032 1180 1562  732]
[1004 1180 1562  732]
[1032 1180 1562  732]
[1004 1180 1562  732]
[1004 1180 1562  732]
[1032 1180 1562  732]
[1387 1180 1562  732]
[1004 1180 1562  732]
[1387 1180 1562  732]
[1387 1180 1562  732]
[1004 1180 1562  732]
[1387 1180 1562  732]
[1387 1180 1562  732]
[1387 1180 1562  732]
[1032 1180 1562  732]
[1387 1180 1562  732]
[1032 1180 1562  732]
[ 131 1387 1180  732]
At i = 161:
[1387 1180 1562  732]
[1032 1180 1562  732]
[1004 1180 1562  732]
[1387 1180 1562  732]
[1387 1180 1562  732]
[1004 1180 1562  732]
[1032 1180 1562  732]
[1387 1180 1562  732]
[1387 1180 1562  732]
[1032 1180 1562  732]
[1387 1180 1562  732]
[1032 1180 1562  732]
[1004 1180 1562  732]
[1004 1180 1562  732]
[1387 1180 1562  732]
[1387 1180 1562  732]
[1004 1180 1562  732]
[1004 1180 1562  732]
[1004 1180 1562  732]
[1004 1180 1562  732]
[1004 1180 1562  732]
[1387 1180 1562  732]
[1387 1180 1562  732]
[1387 1180 1562  732]
[1387 1180 1562  732]
[1387 1180 1562  732]
[1004 1180 1562  732]
[1387 1180 1562  732]
[1387 1180 1562  732]
[1387 1180 1562  732]
[1004 1180 1562  732]
[1032 1180 1562  732]
[1387 1180 1562  732]
[1032 1180 1562  732]
[1004 1180 1562  732]
[1387 1180 1562  732]
[1387 1180 1562  732]
[1387 1180 1562  732]
[1032 1180 1562  732]
[1032 1180 1562  732]
