At i = 1:
0.8936860745379979
0.8847453728565513
0.8838753597698522
0.8697200345594956
0.8577876836426669
0.8511998925279763
0.8493609238167942
0.8489645991401958
0.847558700678411
0.8474758776862995
0.8443718208853254
0.8428528243031407
0.8426347571938013
0.8418071495405846
0.8416496524465156
0.841352111947363
0.8410755275848966
0.8395399278109011
0.8368076537484569
0.8363084990379066
0.8334426902308547
0.8322434519569377
0.8320146490767389
0.8317487337810919
0.8293099118696093
0.8232516572612583
0.8220703158536208
0.8211454511490726
0.8201606334260786
0.8200532747421301
0.8193991963292101
0.8179023140306162
0.8177855497593381
0.8161679055822079
0.8139327192811354
0.8136616643433048
0.8133854369982263
0.8120101174639376
0.8117358209078588
0.8106345534776874
0.8082713549972935
0.8061903047802941
At i = 21:
0.9733738796637301
0.9733738796637301
0.972350434611564
0.968936434142143
0.9680082866096524
0.9680082866096524
0.9680082866096524
0.9647171635174057
0.9646288517944128
0.964547111445448
0.9644517340830178
0.9637715077420743
0.9630288979722107
0.9630288979722107
0.9630288979722106
0.9630288979722106
0.9630288979722106
0.9626764936846472
0.9626764936846471
0.962676493684647
0.9626127862636609
0.9612060899597649
0.9612060899597649
0.9610656511404922
0.961065651140492
0.961065651140492
0.961065651140492
0.960940401014817
0.96044609927451
0.96044609927451
0.96044609927451
0.9604460992745097
0.9604460992745097
0.959903663366775
0.9599036633667748
0.959717458137989
0.9594408242808083
0.9594408242808083
0.9592060163425062
0.9575787060038071
0.9572440771277492
0.9572440771277488
At i = 41:
0.995393688933452
0.995393688933452
0.995393688933452
0.995393688933452
0.995393688933452
0.995393688933452
0.995393688933452
0.995393688933452
0.995393688933452
0.995393688933452
0.995393688933452
0.995393688933452
0.995393688933452
0.995393688933452
0.995393688933452
0.995393688933452
0.995393688933452
0.995393688933452
0.995393688933452
0.995393688933452
0.995393688933452
0.9953936889334518
0.9907659622418865
0.9907659622418865
0.9907659622418865
0.9907659622418865
0.9907659622418863
0.9881757012858883
0.9840172980923428
0.9840172980923428
0.9840172980923428
0.9840172980923428
0.9840172980923428
0.9840172980923428
0.9840172980923428
0.9840172980923428
0.9840172980923428
0.9840172980923428
0.9840172980923428
0.9760456151968282
0.9760456151968282
0.9760456151968282
At i = 61:
0.995393688933452
0.995393688933452
0.995393688933452
0.995393688933452
0.995393688933452
0.995393688933452
0.995393688933452
0.995393688933452
0.995393688933452
0.995393688933452
0.995393688933452
0.995393688933452
0.995393688933452
0.995393688933452
0.995393688933452
0.995393688933452
0.995393688933452
0.995393688933452
0.995393688933452
0.995393688933452
0.995393688933452
0.995393688933452
0.995393688933452
0.995393688933452
0.995393688933452
0.995393688933452
0.995393688933452
0.995393688933452
0.995393688933452
0.995393688933452
0.995393688933452
0.995393688933452
0.995393688933452
0.995393688933452
0.995393688933452
0.995393688933452
0.9953936889334518
0.9953936889334518
0.9953936889334518
0.9953936889334518
At i = 81:
0.995393688933452
0.995393688933452
0.995393688933452
0.995393688933452
0.995393688933452
0.995393688933452
0.995393688933452
0.995393688933452
0.995393688933452
0.995393688933452
0.995393688933452
0.995393688933452
0.995393688933452
0.995393688933452
0.995393688933452
0.995393688933452
0.995393688933452
0.995393688933452
0.995393688933452
0.995393688933452
0.995393688933452
0.995393688933452
0.995393688933452
0.995393688933452
0.995393688933452
0.995393688933452
0.995393688933452
0.995393688933452
0.995393688933452
0.995393688933452
0.995393688933452
0.995393688933452
0.995393688933452
0.995393688933452
0.995393688933452
0.995393688933452
0.995393688933452
0.9953936889334518
0.9953936889334518
0.9953936889334518
At i = 101:
0.995393688933452
0.995393688933452
0.995393688933452
0.995393688933452
0.995393688933452
0.995393688933452
0.995393688933452
0.995393688933452
0.995393688933452
0.995393688933452
0.995393688933452
0.995393688933452
0.995393688933452
0.995393688933452
0.995393688933452
0.995393688933452
0.995393688933452
0.995393688933452
0.995393688933452
0.995393688933452
0.995393688933452
0.995393688933452
0.995393688933452
0.995393688933452
0.995393688933452
0.995393688933452
0.995393688933452
0.995393688933452
0.995393688933452
0.995393688933452
0.995393688933452
0.995393688933452
0.995393688933452
0.995393688933452
0.995393688933452
0.995393688933452
0.995393688933452
0.995393688933452
0.995393688933452
0.9953936889334518
At i = 121:
0.995393688933452
0.995393688933452
0.995393688933452
0.995393688933452
0.995393688933452
0.995393688933452
0.995393688933452
0.995393688933452
0.995393688933452
0.995393688933452
0.995393688933452
0.995393688933452
0.995393688933452
0.995393688933452
0.995393688933452
0.995393688933452
0.995393688933452
0.995393688933452
0.995393688933452
0.995393688933452
0.995393688933452
0.995393688933452
0.995393688933452
0.995393688933452
0.995393688933452
0.995393688933452
0.995393688933452
0.995393688933452
0.995393688933452
0.995393688933452
0.995393688933452
0.995393688933452
0.995393688933452
0.995393688933452
0.995393688933452
0.995393688933452
0.995393688933452
0.995393688933452
0.995393688933452
0.9953936889334518
At i = 141:
0.995393688933452
0.995393688933452
0.995393688933452
0.995393688933452
0.995393688933452
0.995393688933452
0.995393688933452
0.995393688933452
0.995393688933452
0.995393688933452
0.995393688933452
0.995393688933452
0.995393688933452
0.995393688933452
0.995393688933452
0.995393688933452
0.995393688933452
0.995393688933452
0.995393688933452
0.995393688933452
0.995393688933452
0.995393688933452
0.995393688933452
0.995393688933452
0.995393688933452
0.995393688933452
0.995393688933452
0.995393688933452
0.995393688933452
0.995393688933452
0.995393688933452
0.995393688933452
0.995393688933452
0.995393688933452
0.995393688933452
0.995393688933452
0.995393688933452
0.995393688933452
0.995393688933452
0.9953936889334518
At i = 161:
0.995393688933452
0.995393688933452
0.995393688933452
0.995393688933452
0.995393688933452
0.995393688933452
0.995393688933452
0.995393688933452
0.995393688933452
0.995393688933452
0.995393688933452
0.995393688933452
0.995393688933452
0.995393688933452
0.995393688933452
0.995393688933452
0.995393688933452
0.995393688933452
0.995393688933452
0.995393688933452
0.995393688933452
0.995393688933452
0.995393688933452
0.995393688933452
0.995393688933452
0.995393688933452
0.995393688933452
0.995393688933452
0.995393688933452
0.995393688933452
0.995393688933452
0.995393688933452
0.995393688933452
0.995393688933452
0.995393688933452
0.995393688933452
0.995393688933452
0.995393688933452
0.995393688933452
0.995393688933452
