At i = 1:
[3009 2664 1662 3048]
[6164 3264  681 3238]
[4042  103 2998 1155]
[3143 7098 8333 1994]
[6591 8719  452  491]
[2487 4256 6473 6497]
[5343  998 6173  712]
[3439 5140 4841  289]
[1614 8469 6091 1994]
[8198 8564  289 7190]
[6608 2723 5265  712]
[  28 3237   39 7009]
[1005 2559   81 1540]
[1759 8465 1389 5944]
[5235 6591 8588  573]
[7133 1519 5565 1890]
[1137  524 4603 9113]
[7746 2951  623  381]
[1837 3721 5632 2144]
[ 887 7042 4621 1994]
[4564 1979  416 2526]
[ 270 9027 4463  289]
[5408 8222  716 1994]
[4082  604  560 1910]
[7389 6953 4608  452]
[4483 4851 2597  452]
[7583 7659 1846 8579]
[8084  648 1823 3312]
[6214 4123 4374  712]
[6325 6091  858  452]
[3523 5376 1410 6450]
[5668 4938  452 7111]
[  50 1898 6968  289]
[ 236 3727  413 5124]
[5451 8794 6150  289]
[7409 7989 6091 6497]
[5446 4734 7390 4463]
[6237 7997 2964  289]
[1433 1829 2397  289]
[5476 1334 6676  573]
[5828 1558 5049 5124]
[5103 8479  475 4275]
At i = 21:
[3037 1854 2130 2144]
[5539 1588 7681 5124]
[4145 3761 7190 5124]
[7313 3352 5124  289]
[ 856   37 9320  664]
[6131 5305  359  857]
[7656 3499 6534  452]
[3009 2664 1662 3048]
[3051 2282 7190  289]
[6601 7230  452  712]
[9614 8481 1994 5149]
[4845  837 2456 5124]
[ 718 9605 8579  573]
[5312 6250 6072  452]
[6994 7916 4351  452]
[6628 4074 1125 4351]
[3900 2069 8481 2280]
[6802 9069 8110  452]
[ 728 8198 7717  289]
[1920 8185  452 1994]
[6339 4238 3652  452]
[  55 7754 6446  573]
[1890 6933 7865  712]
[8483 5392 4800  452]
[ 752 3585   81 5149]
[2804 4422 1029 6150]
[3132  295 2316  452]
[9024 4915   55 1937]
[6083 3465  914 7497]
[7728 4053 7154  452]
[2664  407 6062  716]
[2295 7700 3884  289]
[ 410 8317 2280  289]
[9561 8592 3045  289]
[1048 9244  452  712]
[ 185 1759 5226 3042]
[2499 7865  452  289]
[5332 7522  452 8110]
[1601 3946  608 5124]
[1733 3733 9504 5124]
[6424  323 5612 4275]
[3296 3889 4154  452]
At i = 41:
[9302 1948 5807 5124]
[8724 3833 4269  452]
[7715 5147 4269  452]
[3837 1052  409  914]
[ 593 7105  805 5124]
[9400 7656 7190  452]
[5720 3914 4269  452]
[5396 5399 3651  452]
[9556 6962 7656  452]
[9120 5296  914 7190]
[5053 3814 2106  452]
[2905 9641  452  712]
[6450 3142 7865  452]
[2092 3776 1890  452]
[5016 3041 8889  452]
[ 416 2909 5124 2959]
[1346 4263  712 3292]
[ 914 5764 7717  452]
[8596 7069 2106  452]
[7059 7399 7190  452]
[1971 7693 5124  452]
[1357 4269 4225  452]
[3576 7728  289 5124]
[8925 7155 2106  452]
[3037 1854 2130 2144]
[1419 5255 1890  452]
[5539 1588 7681 5124]
[3838 9065  712  452]
[7534 5670 2106  452]
[7589 6202 4269  452]
[3352  962 2403 5124]
[5974 7273 8833  452]
[1411 2304 6591  452]
[7724 3496 4269  452]
[6616 5698  452 7190]
[5968 4872 4269  452]
[7517 5763 2130  452]
[5959 6624 6591  452]
[2106 6799  289  452]
[5359 7426 5544  452]
[ 623 6259 7865  452]
[4032 4197 1614  452]
At i = 61:
[8771 5452  914 7190]
[2106 4021 7190  452]
[2363 2308  914 7190]
[7292 5782  914 7190]
[7190 6504  452 2106]
[9445 8210 2106  452]
[8250 6239  914 7190]
[8186 5965  914 7190]
[3919 4291 4269  452]
[5470 5190 2106  452]
[7838 6594  914 7190]
[ 837 5041  452  712]
[6926 4560  914 7190]
[6872 5040  914 7190]
[6547 4979 2106  452]
[7984 3210 4269  452]
[5517 2284  914 7190]
[5216 5119  914 7190]
[8143 2637  914 7190]
[8670 7030  914 7190]
[8118 3776  914 7190]
[ 533 3476  289  712]
[5311 6364 2106  452]
[6986 4211 7190  452]
[7461 8229  914 7190]
[7670 5993 2106  452]
[6263 5351 2106  452]
[5458 8426 8889 5124]
[6039 2092  608 7190]
[8719 9043  914 7190]
[6891 7528 2106  452]
[6980 7350  914 7190]
[9302 1948 5807 5124]
[6785 6072  452 2106]
[8724 3833 4269  452]
[5287 5460  914 7190]
[6654 4405   55 7190]
[8244 7180  914 7190]
[9447 5515  914 7190]
[6225 4665 2106  452]
[7715 5147 4269  452]
[7701 5005 2106  452]
At i = 81:
[5684 4991  914 7190]
[8627 5572 2106  452]
[9394 8110  914 7190]
[9466 9321  914 7190]
[8771 5452  914 7190]
[8975 9268  914 7190]
[5832 3776  914  359]
[7538 7148  914 7190]
[4995 5452  914 7190]
[8673 6214  914 7190]
[4885 5124  914 7190]
[9298 5270  914 7190]
[8673 5456  914 7190]
[7548 9157  914 7190]
[5684 5572  914 7190]
[2106 5105 7190  452]
[7670 3260  914 7190]
[6162 7148  914 7190]
[9157 8582  914 7190]
[4221 3129  914 7190]
[8271 7148  914 7190]
[7759 6605  914 7190]
[9524 7920  914 7190]
[8975 7055  914 7190]
[6920 8481  914 7190]
[7058 5079  914 7190]
[4340 4269 7190  452]
[9537 6415  914 7190]
[2106 4021 7190  452]
[8180 9464  914 7190]
[8481 7448  914 7190]
[7670 4010  914 7190]
[9602 8610  914 7190]
[8211 7519  914 7190]
[7097 7920  914 7190]
[6825 4360  914 7190]
[8366 7681  914 7190]
[8269 7660  914 7190]
[2363 2308  914 7190]
[7675 7681  914 7190]
[7396 4700  914 7190]
[7292 5782  914 7190]
At i = 101:
[6701 1992 2106  452]
[9394 9043  914 7190]
[9244 2106 8809  452]
[7643 7617  914 7190]
[9394 9553  914 7190]
[9466 8532  914 7190]
[5684 4991  914 7190]
[8627 5572 2106  452]
[7643 4220  914 7190]
[5560 5591  914 7190]
[9394 4224  914 7190]
[7472 7148  914 7190]
[9466 4000  914 7190]
[9394 8110  914 7190]
[8346 7148  914 7190]
[9466 9321  914 7190]
[8422 6197  914 7190]
[9015 5124  914 7190]
[7166 4998  914 7190]
[6897 7148  914 7190]
[7396 5591  914 7190]
[7959 8481  914 7190]
[8345 5434  914 7190]
[3067 4865  914 7190]
[7166 2964  914 7190]
[9496 4462  914 7190]
[6713 1732  914 7190]
[8771 5452  914 7190]
[8655 5124  914 7190]
[9348 6308  914 7190]
[8163 6647  914 7190]
[8396 6415  914 7190]
[8975 9268  914 7190]
[6926 5124  914 7190]
[7396 7211  914 7190]
[5832 3776  914  359]
[7172 7148  914 7190]
[7538 7148  914 7190]
[4995 5452  914 7190]
[6371 7153  914 7190]
[9542 7166  914 7190]
[8673 6214  914 7190]
At i = 121:
[2781 1992 2106  452]
[9466 4703  914 7190]
[6701 1992 2106  452]
[8163 3330  914 7190]
[3844 4903  914 7190]
[9394 9043  914 7190]
[9244 2106 8809  452]
[7643 7617  914 7190]
[9394 9553  914 7190]
[9466 8532  914 7190]
[5684 4991  914 7190]
[8627 5572 2106  452]
[7643 8603  914 7190]
[2092 6594 7190  452]
[4902 6197  914 7190]
[7643 4220  914 7190]
[5560 5591  914 7190]
[9394 4224  914 7190]
[7472 7148  914 7190]
[9466 4000  914 7190]
[9394 8110  914 7190]
[8926 2664  914 7190]
[8346 7148  914 7190]
[7844 7148  914 7190]
[9394 5952  914 7190]
[4622 7148  914 7190]
[9466 9321  914 7190]
[8422 6197  914 7190]
[9015 5124  914 7190]
[7166 4998  914 7190]
[6897 7148  914 7190]
[5104 7148  914 7190]
[6674 7093  914 7190]
[7792 7148  914 7190]
[7396 5591  914 7190]
[7959 8481  914 7190]
[5358 7148  914 7190]
[8345 5434  914 7190]
[8194 6594  914 7190]
[5014 3595  914 7190]
[8700 8582  914 7190]
[6594 5124  914 7190]
At i = 141:
[3114 1992 2106  452]
[8866 1992 2106  452]
[2781 1992 2106  452]
[9466 4703  914 7190]
[6330 7148  914 7190]
[6701 1992 2106  452]
[8163 3330  914 7190]
[3844 4903  914 7190]
[9394 9043  914 7190]
[3681 3414  914 7190]
[1327 2092 8582 7190]
[9244 2106 8809  452]
[7910 2664  914 7190]
[5311 2664  914 7190]
[7643 7617  914 7190]
[9394 9553  914 7190]
[7166 6467  914 7190]
[6418 7148  914 7190]
[9466 8532  914 7190]
[9497 7148  914 7190]
[5684 4991  914 7190]
[8627 5572 2106  452]
[7643 8603  914 7190]
[2092 6594 7190  452]
[4902 6197  914 7190]
[5243 2188  914 7190]
[7117 4865  914 7190]
[8510  914 7190  452]
[9620 7148  914 7190]
[7643 8809  914 7190]
[7643 4220  914 7190]
[5560 5591  914 7190]
[9298 7148  914 7190]
[9394 4224  914 7190]
[7472 7148  914 7190]
[9466 4000  914 7190]
[9282 7148  914 7190]
[8430 7148  914 7190]
[9394 8110  914 7190]
[8926 2664  914 7190]
[8346 7148  914 7190]
[7844 7148  914 7190]
At i = 161:
[5074 1992 2106  452]
[9602  914 7190  452]
[8185  914 7190  452]
[3114 1992 2106  452]
[8180 7148  914 7190]
[8866 1992 2106  452]
[2781 1992 2106  452]
[9466 4703  914 7190]
[6330 7148  914 7190]
[7757 1992 2106  452]
[7643 3652  914 7190]
[6701 1992 2106  452]
[8163 3330  914 7190]
[3681 7030  914 7190]
[9466 5572  914 7190]
[3844 4903  914 7190]
[5500 7148  914 7190]
[9394 9043  914 7190]
[8345 7148  914 7190]
[9627 7148  914 7190]
[7643 4865  914 7190]
[6130 4903  914 7190]
[8611 7148  914 7190]
[3681 3414  914 7190]
[1327 2092 8582 7190]
[7643 1576  914 7190]
[8628 7190  914 7148]
[8628 7148  914 7190]
[8628 7148  914 7190]
[9244 2106 8809  452]
[7910 2664  914 7190]
[8656 7148  914 7190]
[5311 2664  914 7190]
[9151 7148  914 7190]
[7643 7617  914 7190]
[9466 6878  914 7190]
[9394 9553  914 7190]
[7166 6467  914 7190]
[6026 7148  914 7190]
[6418 7148  914 7190]
[9035 7190  914 7148]
[8793 2106 7190  452]
At i = 181:
[6011 1992 2106  452]
[3681 8077  914 7190]
[5393 2106 1992  452]
[3844 7148  914 7190]
[7643 7190  914 7148]
[3681 3045  914 7190]
[3755 1992 2106  452]
[9501 7148  914 7190]
[5074 1992 2106  452]
[9602  914 7190  452]
[8185  914 7190  452]
[3114 1992 2106  452]
[8180 7148  914 7190]
[4959 1992 2106  452]
[8866 1992 2106  452]
[4918 1992 2106  452]
[2781 1992 2106  452]
[3638 1992 2106  452]
[9466 4703  914 7190]
[6330 7148  914 7190]
[6976 1992 2106  452]
[5035 1992 2106  452]
[7757 1992 2106  452]
[7643 3652  914 7190]
[6701 1992 2106  452]
[8163 3330  914 7190]
[3216 1992 2106  452]
[4699 1992 2106  452]
[3681 7030  914 7190]
[9466 5572  914 7190]
[7312 7148  914  452]
[8285  452  914 7148]
[6246 7148  914 7190]
[5813 7148  914 7190]
[3844 4903  914 7190]
[5500 7148  914 7190]
[9394 9043  914 7190]
[4408 7190  914  452]
[8345 7148  914 7190]
[8345 7148  914 7190]
[9627 7148  914 7190]
[9627 7148  914 7190]
At i = 201:
[3585 2106 1992  452]
[3784 1992 2106  452]
[3784 1992 2106  452]
[5227 1992 2106  452]
[6011 1992 2106  452]
[6538 1992 2106  452]
[7166 2106 1992  452]
[7166 2106 1992  452]
[4184 1992 2106  452]
[3264 2106 1992  452]
[5453 2106 1992  452]
[8345 2106 1992  452]
[7478 1992 2106  452]
[9515 1992 2106  452]
[8064 1992 2106  452]
[8178 2106 1992  452]
[5381 1992 2106  452]
[8485 1992 2106  452]
[8485 1992 2106  452]
[3693 2106 1992  452]
[5588 1992 2106  452]
[6313 1992 2106  452]
[6313 1992 2106  452]
[3605 2106 1992  452]
[8566 2106 1992  452]
[7238 1992 2106  452]
[8566 1992 2106  452]
[6025 1992 2106  452]
[3681 8077  914 7190]
[8975 1992 2106  452]
[6034 2106 1992  452]
[8781 2106 1992  452]
[8875 1992 2106  452]
[8875 2106 1992  452]
[5557 1992 2106  452]
[6629 1992 2106  452]
[9342 1992 2106  452]
[9315 1992 2106  452]
[6872 1992 2106  452]
[3483 2106 1992  452]
[7747 2106 1992  452]
[6574 1992 2106  452]
At i = 221:
[3784 2106 1992  452]
[3585 2106 1992  452]
[3784 1992 2106  452]
[3784 1992 2106  452]
[3844 1992 2106  452]
[7643 2106 1992  452]
[7643 2106 1992  452]
[5227 1992 2106  452]
[8185 2106 1992  452]
[9602 2106 1992  452]
[8185 2106 1992  452]
[6552 2106 1992  452]
[6011 1992 2106  452]
[6552 1992 2106  452]
[6523 1992 2106  452]
[4432 2106 1992  452]
[6538 2106 1992  452]
[6538 1992 2106  452]
[7166 2106 1992  452]
[8147 1992 2106  452]
[7166 2106 1992  452]
[7166 2106 1992  452]
[7623 2106 1992  452]
[7623 2106 1992  452]
[4184 1992 2106  452]
[8691 1992 2106  452]
[8691 2106 1992  452]
[9589 2106 1992  452]
[9589 1992 2106  452]
[9403 1992 2106  452]
[3434 1992 2106  452]
[7504 1992 2106  452]
[9589 1992 2106  452]
[3264 2106 1992  452]
[5453 1992 2106  452]
[6415 2106 1992  452]
[5453 2106 1992  452]
[6415 2106 1992  452]
[5212 2106 1992  452]
[5453 2106 1992  452]
[6824 1992 2106  452]
At i = 241:
[3784 2106 1992  452]
[3585 2106 1992  452]
[3585 1992 2106  452]
[3784 1992 2106  452]
[3784 1992 2106  452]
[7643 2106 1992  452]
[3844 1992 2106  452]
[7643 2106 1992  452]
[7643 2106 1992  452]
[5227 1992 2106  452]
[9602 2106 1992  452]
[6011 2106 1992  452]
[6011 2106 1992  452]
[9602 2106 1992  452]
[8185 2106 1992  452]
[9602 2106 1992  452]
[8185 2106 1992  452]
[6552 2106 1992  452]
[6011 1992 2106  452]
[6552 2106 1992  452]
[9602 1992 2106  452]
[6552 2106 1992  452]
[6011 1992 2106  452]
[6552 1992 2106  452]
[6552 1992 2106  452]
[6523 2106 1992  452]
[6523 1992 2106  452]
[6538 2106 1992  452]
[4432 2106 1992  452]
[4432 2106 1992  452]
[6538 2106 1992  452]
[6538 1992 2106  452]
[7166 1992 2106  452]
[3332 1992 2106  452]
[3332 2106 1992  452]
[3332 2106 1992  452]
[7166 2106 1992  452]
[8147 1992 2106  452]
[7166 2106 1992  452]
[7166 2106 1992  452]
At i = 261:
[3585 2106 1992  452]
[3585 2106 1992  452]
[3784 2106 1992  452]
[3585 2106 1992  452]
[3784 1992 2106  452]
[3585 1992 2106  452]
[3784 1992 2106  452]
[3784 1992 2106  452]
[3844 1992 2106  452]
[7643 2106 1992  452]
[3844 2106 1992  452]
[7643 2106 1992  452]
[7643 2106 1992  452]
[3844 1992 2106  452]
[7643 2106 1992  452]
[7643 2106 1992  452]
[5227 2106 1992  452]
[5227 1992 2106  452]
[5227 1992 2106  452]
[9602 2106 1992  452]
[9602 2106 1992  452]
[9602 2106 1992  452]
[6011 2106 1992  452]
[9602 2106 1992  452]
[9602 2106 1992  452]
[9602 2106 1992  452]
[6011 2106 1992  452]
[6011 2106 1992  452]
[9602 2106 1992  452]
[8185 2106 1992  452]
[9602 2106 1992  452]
[8185 2106 1992  452]
[6552 2106 1992  452]
[6552 2106 1992  452]
[6552 2106 1992  452]
[6552 2106 1992  452]
[6011 1992 2106  452]
[6552 2106 1992  452]
[9602 1992 2106  452]
[6552 2106 1992  452]
At i = 281:
[3585 2106 1992  452]
[3585 2106 1992  452]
[3784 2106 1992  452]
[3585 2106 1992  452]
[3784 1992 2106  452]
[3585 1992 2106  452]
[3784 1992 2106  452]
[3784 1992 2106  452]
[3844 2106 1992  452]
[3844 1992 2106  452]
[7643 2106 1992  452]
[3844 2106 1992  452]
[7643 2106 1992  452]
[7643 2106 1992  452]
[3844 1992 2106  452]
[7643 2106 1992  452]
[7643 2106 1992  452]
[5227 2106 1992  452]
[5227 2106 1992  452]
[5227 1992 2106  452]
[5227 1992 2106  452]
[8185 2106 1992  452]
[9602 2106 1992  452]
[8185 2106 1992  452]
[9602 2106 1992  452]
[8185 2106 1992  452]
[6011 2106 1992  452]
[6011 2106 1992  452]
[8185 2106 1992  452]
[9602 2106 1992  452]
[9602 2106 1992  452]
[9602 2106 1992  452]
[6011 2106 1992  452]
[9602 2106 1992  452]
[9602 2106 1992  452]
[9602 2106 1992  452]
[6011 2106 1992  452]
[6011 2106 1992  452]
[9602 2106 1992  452]
[8185 2106 1992  452]
[9602 2106 1992  452]
[6552 2106 1992  452]
At i = 301:
[3585 2106 1992  452]
[3784 2106 1992  452]
[3585 2106 1992  452]
[3585 2106 1992  452]
[3784 2106 1992  452]
[3585 2106 1992  452]
[3585 1992 2106  452]
[3784 1992 2106  452]
[3585 1992 2106  452]
[3784 1992 2106  452]
[3784 1992 2106  452]
[3844 2106 1992  452]
[7643 2106 1992  452]
[3844 2106 1992  452]
[3844 2106 1992  452]
[3844 1992 2106  452]
[7643 2106 1992  452]
[3844 2106 1992  452]
[7643 2106 1992  452]
[7643 2106 1992  452]
[3844 1992 2106  452]
[7643 2106 1992  452]
[7643 2106 1992  452]
[5227 2106 1992  452]
[5227 2106 1992  452]
[5227 2106 1992  452]
[5227 1992 2106  452]
[5227 1992 2106  452]
[6011 2106 1992  452]
[9602 2106 1992  452]
[9602 2106 1992  452]
[6011 2106 1992  452]
[9602 2106 1992  452]
[6011 2106 1992  452]
[9602 2106 1992  452]
[8185 2106 1992  452]
[9602 2106 1992  452]
[6011 2106 1992  452]
[6011 2106 1992  452]
[8185 2106 1992  452]
[9602 2106 1992  452]
[3377 2106 1992  452]
At i = 321:
[3585 2106 1992  452]
[3585 2106 1992  452]
[3784 2106 1992  452]
[3585 2106 1992  452]
[3585 2106 1992  452]
[3784 2106 1992  452]
[3585 2106 1992  452]
[3585 1992 2106  452]
[3784 1992 2106  452]
[3585 1992 2106  452]
[3784 1992 2106  452]
[3784 1992 2106  452]
[7643 2106 1992  452]
[3844 2106 1992  452]
[3844 1992 2106  452]
[3844 2106 1992  452]
[7643 2106 1992  452]
[3844 2106 1992  452]
[3844 2106 1992  452]
[3844 1992 2106  452]
[7643 2106 1992  452]
[3844 2106 1992  452]
[7643 2106 1992  452]
[7643 2106 1992  452]
[3844 1992 2106  452]
[7643 2106 1992  452]
[7643 2106 1992  452]
[5227 2106 1992  452]
[5227 2106 1992  452]
[5227 2106 1992  452]
[5227 2106 1992  452]
[5227 2106 1992  452]
[5227 2106 1992  452]
[5227 2106 1992  452]
[5227 1992 2106  452]
[5227 1992 2106  452]
[8185 2106 1992  452]
[6011 2106 1992  452]
[9602 2106 1992  452]
[9602 2106 1992  452]
[6011 2106 1992  452]
[9602 2106 1992  452]
At i = 341:
[3784 2106 1992  452]
[3585 2106 1992  452]
[3585 2106 1992  452]
[3784 2106 1992  452]
[3585 2106 1992  452]
[3585 2106 1992  452]
[3784 2106 1992  452]
[3585 2106 1992  452]
[3585 1992 2106  452]
[3784 1992 2106  452]
[3585 1992 2106  452]
[3784 1992 2106  452]
[3784 1992 2106  452]
[7643 2106 1992  452]
[7643 2106 1992  452]
[3844 2106 1992  452]
[7643 2106 1992  452]
[3844 2106 1992  452]
[3844 1992 2106  452]
[3844 2106 1992  452]
[7643 2106 1992  452]
[3844 2106 1992  452]
[3844 2106 1992  452]
[3844 1992 2106  452]
[7643 2106 1992  452]
[3844 2106 1992  452]
[7643 2106 1992  452]
[7643 2106 1992  452]
[3844 1992 2106  452]
[7643 2106 1992  452]
[7643 2106 1992  452]
[5227 2106 1992  452]
[5227 2106 1992  452]
[5227 2106 1992  452]
[5227 2106 1992  452]
[5227 2106 1992  452]
[5227 2106 1992  452]
[5227 2106 1992  452]
[5227 2106 1992  452]
[5227 1992 2106  452]
[5227 1992 2106  452]
[6552 2106 1992  452]
At i = 361:
[3784 2106 1992  452]
[3784 2106 1992  452]
[3585 2106 1992  452]
[3585 2106 1992  452]
[3784 2106 1992  452]
[3585 2106 1992  452]
[3585 2106 1992  452]
[3784 2106 1992  452]
[3585 2106 1992  452]
[3585 1992 2106  452]
[3784 1992 2106  452]
[3585 1992 2106  452]
[3784 1992 2106  452]
[3784 1992 2106  452]
[7643 2106 1992  452]
[7643 2106 1992  452]
[3844 2106 1992  452]
[7643 2106 1992  452]
[7643 2106 1992  452]
[3844 2106 1992  452]
[7643 2106 1992  452]
[3844 2106 1992  452]
[3844 1992 2106  452]
[3844 2106 1992  452]
[7643 2106 1992  452]
[3844 2106 1992  452]
[3844 2106 1992  452]
[3844 1992 2106  452]
[7643 2106 1992  452]
[3844 2106 1992  452]
[7643 2106 1992  452]
[7643 2106 1992  452]
[3844 1992 2106  452]
[7643 2106 1992  452]
[7643 2106 1992  452]
[5227 2106 1992  452]
[5227 2106 1992  452]
[5227 2106 1992  452]
[5227 2106 1992  452]
[5227 2106 1992  452]
[8185 2106 1992  452]
[8185 2106 1992  452]
At i = 381:
[3784 2106 1992  452]
[3784 2106 1992  452]
[3585 2106 1992  452]
[3585 2106 1992  452]
[3784 2106 1992  452]
[3585 2106 1992  452]
[3585 2106 1992  452]
[3784 2106 1992  452]
[3585 2106 1992  452]
[3585 1992 2106  452]
[3784 1992 2106  452]
[3585 1992 2106  452]
[3784 1992 2106  452]
[3784 1992 2106  452]
[7643 2106 1992  452]
[7643 2106 1992  452]
[7643 2106 1992  452]
[7643 2106 1992  452]
[3844 2106 1992  452]
[7643 2106 1992  452]
[7643 2106 1992  452]
[3844 2106 1992  452]
[7643 2106 1992  452]
[3844 2106 1992  452]
[3844 1992 2106  452]
[3844 2106 1992  452]
[7643 2106 1992  452]
[3844 2106 1992  452]
[3844 2106 1992  452]
[3844 1992 2106  452]
[7643 2106 1992  452]
[3844 2106 1992  452]
[7643 2106 1992  452]
[7643 2106 1992  452]
[3844 1992 2106  452]
[7643 2106 1992  452]
[7643 2106 1992  452]
[5227 2106 1992  452]
[5227 2106 1992  452]
[5227 2106 1992  452]
[5227 2106 1992  452]
[5227 2106 1992  452]
At i = 401:
[3585 2106 1992  452]
[3784 2106 1992  452]
[3784 2106 1992  452]
[3585 2106 1992  452]
[3585 2106 1992  452]
[3784 2106 1992  452]
[3585 2106 1992  452]
[3585 2106 1992  452]
[3784 2106 1992  452]
[3585 2106 1992  452]
[3585 1992 2106  452]
[3784 1992 2106  452]
[3585 1992 2106  452]
[3784 1992 2106  452]
[3784 1992 2106  452]
[7643 2106 1992  452]
[7643 2106 1992  452]
[7643 2106 1992  452]
[7643 2106 1992  452]
[7643 2106 1992  452]
[3844 2106 1992  452]
[7643 2106 1992  452]
[7643 2106 1992  452]
[3844 2106 1992  452]
[7643 2106 1992  452]
[3844 2106 1992  452]
[3844 1992 2106  452]
[3844 2106 1992  452]
[7643 2106 1992  452]
[3844 2106 1992  452]
[3844 2106 1992  452]
[3844 1992 2106  452]
[7643 2106 1992  452]
[3844 2106 1992  452]
[7643 2106 1992  452]
[7643 2106 1992  452]
[3844 1992 2106  452]
[7643 2106 1992  452]
[7643 2106 1992  452]
[5227 2106 1992  452]
[5227 2106 1992  452]
[6552 2106 1992  452]
At i = 421:
[3784 2106 1992  452]
[3585 2106 1992  452]
[3784 2106 1992  452]
[3585 2106 1992  452]
[3784 2106 1992  452]
[3784 2106 1992  452]
[3585 2106 1992  452]
[3585 2106 1992  452]
[3784 2106 1992  452]
[3585 2106 1992  452]
[3585 2106 1992  452]
[3784 2106 1992  452]
[3585 2106 1992  452]
[3585 1992 2106  452]
[3784 1992 2106  452]
[3585 1992 2106  452]
[3784 1992 2106  452]
[3784 1992 2106  452]
[3844 2106 1992  452]
[7643 2106 1992  452]
[7643 2106 1992  452]
[7643 2106 1992  452]
[7643 2106 1992  452]
[7643 2106 1992  452]
[7643 2106 1992  452]
[7643 2106 1992  452]
[7643 2106 1992  452]
[7643 2106 1992  452]
[7643 2106 1992  452]
[7643 2106 1992  452]
[7643 2106 1992  452]
[7643 2106 1992  452]
[3844 2106 1992  452]
[7643 2106 1992  452]
[7643 2106 1992  452]
[3844 2106 1992  452]
[7643 2106 1992  452]
[3844 2106 1992  452]
[3844 1992 2106  452]
[3844 2106 1992  452]
[7643 2106 1992  452]
[3844 2106 1992  452]
At i = 441:
[3784 2106 1992  452]
[3585 2106 1992  452]
[3784 2106 1992  452]
[3784 2106 1992  452]
[3585 2106 1992  452]
[3784 2106 1992  452]
[3585 2106 1992  452]
[3784 2106 1992  452]
[3784 2106 1992  452]
[3585 2106 1992  452]
[3585 2106 1992  452]
[3784 2106 1992  452]
[3585 2106 1992  452]
[3585 2106 1992  452]
[3784 2106 1992  452]
[3585 2106 1992  452]
[3784 1992 2106  452]
[3585 1992 2106  452]
[3784 1992 2106  452]
[3585 1992 2106  452]
[3784 1992 2106  452]
[3784 1992 2106  452]
[7643 2106 1992  452]
[7643 2106 1992  452]
[7643 2106 1992  452]
[3844 2106 1992  452]
[7643 2106 1992  452]
[7643 2106 1992  452]
[7643 2106 1992  452]
[7643 2106 1992  452]
[7643 2106 1992  452]
[7643 2106 1992  452]
[7643 2106 1992  452]
[7643 2106 1992  452]
[7643 2106 1992  452]
[7643 2106 1992  452]
[7643 2106 1992  452]
[7643 2106 1992  452]
[7643 2106 1992  452]
[3844 2106 1992  452]
[7643 2106 1992  452]
[7643 2106 1992  452]
At i = 461:
[3784 2106 1992  452]
[3784 2106 1992  452]
[3585 2106 1992  452]
[3784 2106 1992  452]
[3585 2106 1992  452]
[3784 2106 1992  452]
[3784 2106 1992  452]
[3585 2106 1992  452]
[3784 2106 1992  452]
[3784 2106 1992  452]
[3585 2106 1992  452]
[3784 2106 1992  452]
[3585 2106 1992  452]
[3784 2106 1992  452]
[3784 2106 1992  452]
[3585 2106 1992  452]
[3585 2106 1992  452]
[3784 2106 1992  452]
[3585 2106 1992  452]
[3585 2106 1992  452]
[3784 2106 1992  452]
[3585 2106 1992  452]
[3784 1992 2106  452]
[3585 1992 2106  452]
[3784 1992 2106  452]
[3585 1992 2106  452]
[3784 1992 2106  452]
[3784 1992 2106  452]
[7643 2106 1992  452]
[7643 2106 1992  452]
[7643 2106 1992  452]
[7643 2106 1992  452]
[7643 2106 1992  452]
[3844 2106 1992  452]
[7643 2106 1992  452]
[7643 2106 1992  452]
[7643 2106 1992  452]
[7643 2106 1992  452]
[7643 2106 1992  452]
[7643 2106 1992  452]
[7643 2106 1992  452]
[5227 2106 1992  452]
At i = 481:
[3784 2106 1992  452]
[3585 2106 1992  452]
[3784 2106 1992  452]
[3784 2106 1992  452]
[3585 2106 1992  452]
[3784 2106 1992  452]
[3585 2106 1992  452]
[3784 2106 1992  452]
[3784 2106 1992  452]
[3585 2106 1992  452]
[3784 2106 1992  452]
[3784 2106 1992  452]
[3585 2106 1992  452]
[3784 2106 1992  452]
[3585 2106 1992  452]
[3784 2106 1992  452]
[3784 2106 1992  452]
[3585 2106 1992  452]
[3585 2106 1992  452]
[3784 2106 1992  452]
[3585 2106 1992  452]
[3585 2106 1992  452]
[3784 2106 1992  452]
[3585 2106 1992  452]
[3784 1992 2106  452]
[3585 1992 2106  452]
[3784 1992 2106  452]
[3585 1992 2106  452]
[3784 1992 2106  452]
[3784 1992 2106  452]
[7643 2106 1992  452]
[3844 2106 1992  452]
[3844 2106 1992  452]
[7643 2106 1992  452]
[7643 2106 1992  452]
[7643 2106 1992  452]
[7643 2106 1992  452]
[7643 2106 1992  452]
[3844 2106 1992  452]
[7643 2106 1992  452]
[9602 2106 1992  452]
[6011 2106 1992  452]
At i = 501:
[3784 2106 1992  452]
[3784 2106 1992  452]
[3784 2106 1992  452]
[3585 2106 1992  452]
[3784 2106 1992  452]
[3784 2106 1992  452]
[3585 2106 1992  452]
[3784 2106 1992  452]
[3585 2106 1992  452]
[3784 2106 1992  452]
[3784 2106 1992  452]
[3585 2106 1992  452]
[3784 2106 1992  452]
[3784 2106 1992  452]
[3585 2106 1992  452]
[3784 2106 1992  452]
[3585 2106 1992  452]
[3784 2106 1992  452]
[3784 2106 1992  452]
[3585 2106 1992  452]
[3585 2106 1992  452]
[3784 2106 1992  452]
[3585 2106 1992  452]
[3585 2106 1992  452]
[3784 2106 1992  452]
[3585 2106 1992  452]
[3784 1992 2106  452]
[3585 1992 2106  452]
[3784 1992 2106  452]
[3585 1992 2106  452]
[3784 1992 2106  452]
[3784 1992 2106  452]
[3844 2106 1992  452]
[7643 2106 1992  452]
[7643 2106 1992  452]
[7643 2106 1992  452]
[3844 2106 1992  452]
[3844 2106 1992  452]
[7643 2106 1992  452]
[7643 2106 1992  452]
[7643 2106 1992  452]
[7643 2106 1992  452]
At i = 521:
[3784 2106 1992  452]
[3784 2106 1992  452]
[3585 2106 1992  452]
[3784 2106 1992  452]
[3585 2106 1992  452]
[3784 2106 1992  452]
[3585 2106 1992  452]
[3784 2106 1992  452]
[3784 2106 1992  452]
[3784 2106 1992  452]
[3585 2106 1992  452]
[3784 2106 1992  452]
[3784 2106 1992  452]
[3585 2106 1992  452]
[3784 2106 1992  452]
[3585 2106 1992  452]
[3784 2106 1992  452]
[3784 2106 1992  452]
[3585 2106 1992  452]
[3784 2106 1992  452]
[3784 2106 1992  452]
[3585 2106 1992  452]
[3784 2106 1992  452]
[3585 2106 1992  452]
[3784 2106 1992  452]
[3784 2106 1992  452]
[3585 2106 1992  452]
[3585 2106 1992  452]
[3784 2106 1992  452]
[3585 2106 1992  452]
[3585 2106 1992  452]
[3784 2106 1992  452]
[3585 2106 1992  452]
[3784 1992 2106  452]
[3585 1992 2106  452]
[3784 1992 2106  452]
[3585 1992 2106  452]
[3784 1992 2106  452]
[3784 1992 2106  452]
[7643 2106 1992  452]
[8318 2106 1992  452]
[7504 2106 1992  452]
At i = 541:
[3585 2106 1992  452]
[3784 2106 1992  452]
[3784 2106 1992  452]
[3784 2106 1992  452]
[3784 2106 1992  452]
[3784 2106 1992  452]
[3585 2106 1992  452]
[3784 2106 1992  452]
[3784 2106 1992  452]
[3784 2106 1992  452]
[3585 2106 1992  452]
[3585 2106 1992  452]
[3784 2106 1992  452]
[3784 2106 1992  452]
[3585 2106 1992  452]
[3784 2106 1992  452]
[3585 2106 1992  452]
[3784 2106 1992  452]
[3585 2106 1992  452]
[3784 2106 1992  452]
[3784 2106 1992  452]
[3784 2106 1992  452]
[3585 2106 1992  452]
[3784 2106 1992  452]
[3784 2106 1992  452]
[3585 2106 1992  452]
[3784 2106 1992  452]
[3585 2106 1992  452]
[3784 2106 1992  452]
[3784 2106 1992  452]
[3585 2106 1992  452]
[3784 2106 1992  452]
[3784 2106 1992  452]
[3585 2106 1992  452]
[3784 2106 1992  452]
[3585 2106 1992  452]
[3784 2106 1992  452]
[3784 2106 1992  452]
[3585 2106 1992  452]
[3844 2106 1992  452]
[1882 2106 1992  452]
[4432 2106 1992  452]
At i = 561:
[3784 2106 1992  452]
[3784 2106 1992  452]
[3585 2106 1992  452]
[3784 2106 1992  452]
[3784 2106 1992  452]
[3784 2106 1992  452]
[3784 2106 1992  452]
[3784 2106 1992  452]
[3585 2106 1992  452]
[3784 2106 1992  452]
[3784 2106 1992  452]
[3784 2106 1992  452]
[3585 2106 1992  452]
[3585 2106 1992  452]
[3784 2106 1992  452]
[3784 2106 1992  452]
[3585 2106 1992  452]
[3784 2106 1992  452]
[3585 2106 1992  452]
[3784 2106 1992  452]
[3585 2106 1992  452]
[3784 2106 1992  452]
[3784 2106 1992  452]
[3784 2106 1992  452]
[3585 2106 1992  452]
[3784 2106 1992  452]
[3784 2106 1992  452]
[3585 2106 1992  452]
[3784 2106 1992  452]
[3585 2106 1992  452]
[3784 2106 1992  452]
[3784 2106 1992  452]
[3585 2106 1992  452]
[3784 2106 1992  452]
[3784 2106 1992  452]
[3585 2106 1992  452]
[3784 2106 1992  452]
[3585 2106 1992  452]
[3784 2106 1992  452]
[3844 2106 1992  452]
[3377 2106 1992  452]
At i = 581:
[3585 2106 1992  452]
[3585 2106 1992  452]
[3585 2106 1992  452]
[3585 2106 1992  452]
[3784 2106 1992  452]
[3784 2106 1992  452]
[3784 2106  452 1992]
[3784 2106 1992  452]
[3784 2106 1992  452]
[3784 2106 1992  452]
[3585 2106 1992  452]
[3784 2106 1992  452]
[3784 2106 1992  452]
[3784 2106 1992  452]
[3784 2106 1992  452]
[3784 2106 1992  452]
[3585 2106 1992  452]
[3784 2106 1992  452]
[3784 2106 1992  452]
[3784 2106 1992  452]
[3585 2106 1992  452]
[3585 2106 1992  452]
[3784 2106 1992  452]
[3784 2106 1992  452]
[3585 2106 1992  452]
[3784 2106 1992  452]
[3585 2106 1992  452]
[3784 2106 1992  452]
[3585 2106 1992  452]
[3784 2106 1992  452]
[3784 2106 1992  452]
[3784 2106 1992  452]
[3585 2106 1992  452]
[3784 2106 1992  452]
[3784 2106 1992  452]
[3585 2106 1992  452]
[3784 2106 1992  452]
[3585 2106 1992  452]
[3784 2106 1992  452]
[3784 2106 1992  452]
[7643 2106 1992  452]
[7643 2106 1992  452]
At i = 601:
[3784 2106 1992  452]
[3784 2106 1992  452]
[3585 2106 1992  452]
[ 963 2106 1992  452]
[3585 2106 1992  452]
[3585 2106 1992  452]
[3585 2106 1992  452]
[3585 2106 1992  452]
[3784 2106 1992  452]
[3784 2106 1992  452]
[3784 2106  452 1992]
[3784 2106 1992  452]
[3784 2106 1992  452]
[3784 2106 1992  452]
[3585 2106 1992  452]
[3784 2106 1992  452]
[3784 2106 1992  452]
[3784 2106 1992  452]
[3784 2106 1992  452]
[3784 2106 1992  452]
[3585 2106 1992  452]
[3784 2106 1992  452]
[3784 2106 1992  452]
[3784 2106 1992  452]
[3585 2106 1992  452]
[3585 2106 1992  452]
[3784 2106 1992  452]
[3784 2106 1992  452]
[3585 2106 1992  452]
[3784 2106 1992  452]
[3585 2106 1992  452]
[3784 2106 1992  452]
[3585 2106 1992  452]
[3784 2106 1992  452]
[3784 2106 1992  452]
[3784 2106 1992  452]
[3585 2106 1992  452]
[3784 2106 1992  452]
[7643 2106 1992  452]
[7643 2106 1992  452]
[8185 2106 1992  452]
[1882 2106 1992  452]
At i = 621:
[3784 2106 1992  452]
[3784 2106 1992  452]
[3784 2106 1992  452]
[3784 2106 1992  452]
[3784 2106 1992  452]
[3784 2106 1992  452]
[3784 2106 1992  452]
[3784 2106 1992  452]
[3585 2106 1992  452]
[ 963 2106 1992  452]
[3585 2106 1992  452]
[3585 2106 1992  452]
[3585 2106 1992  452]
[3585 2106 1992  452]
[3784 2106 1992  452]
[3784 2106 1992  452]
[3784 2106  452 1992]
[3784 2106 1992  452]
[3784 2106 1992  452]
[3784 2106 1992  452]
[3585 2106 1992  452]
[3784 2106 1992  452]
[3784 2106 1992  452]
[3784 2106 1992  452]
[3784 2106 1992  452]
[3784 2106 1992  452]
[3585 2106 1992  452]
[3784 2106 1992  452]
[3784 2106 1992  452]
[3784 2106 1992  452]
[3585 2106 1992  452]
[3585 2106 1992  452]
[3784 2106 1992  452]
[3784 2106 1992  452]
[3585 2106 1992  452]
[3784 2106 1992  452]
[3585 2106 1992  452]
[3784 2106 1992  452]
[3585 2106 1992  452]
[3844 2106 1992  452]
[5227 2106 1992  452]
[ 824 6011 1992  452]
At i = 641:
[ 963 2106  452 1992]
[3585 2106 1992  452]
[ 963 2106 1992  452]
[3585 2106 1992  452]
[3784 2106 1992  452]
[3784 2106 1992  452]
[3784 2106 1992  452]
[3784 2106 1992  452]
[3784 2106 1992  452]
[3784 2106 1992  452]
[3784 2106 1992  452]
[3784 2106 1992  452]
[3585 2106 1992  452]
[ 963 2106 1992  452]
[3585 2106 1992  452]
[3585 2106 1992  452]
[3585 2106 1992  452]
[3585 2106 1992  452]
[3784 2106 1992  452]
[3784 2106 1992  452]
[3784 2106  452 1992]
[3784 2106 1992  452]
[3784 2106 1992  452]
[3784 2106 1992  452]
[3585 2106 1992  452]
[3784 2106 1992  452]
[3784 2106 1992  452]
[3784 2106 1992  452]
[3784 2106 1992  452]
[3784 2106 1992  452]
[3585 2106 1992  452]
[3784 2106 1992  452]
[3784 2106 1992  452]
[3784 2106 1992  452]
[3585 2106 1992  452]
[3585 2106 1992  452]
[3784 2106 1992  452]
[3784 2106 1992  452]
[3844 2106 1992  452]
[3844 2106 1992  452]
[6011 2106 1992  452]
[6552 2106 1992  452]
At i = 661:
[ 963 2106 1992  452]
[3784 2106 1992  452]
[3784 2106 1992  452]
[3585 2106 1992  452]
[3784 2106 1992  452]
[3585 2106 1992  452]
[3585 2106 1992  452]
[ 963 2106  452 1992]
[3585 2106 1992  452]
[ 963 2106 1992  452]
[3585 2106 1992  452]
[3784 2106 1992  452]
[3784 2106 1992  452]
[3784 2106 1992  452]
[3784 2106 1992  452]
[3784 2106 1992  452]
[3784 2106 1992  452]
[3784 2106 1992  452]
[3784 2106 1992  452]
[3585 2106 1992  452]
[ 963 2106 1992  452]
[3585 2106 1992  452]
[3585 2106 1992  452]
[3585 2106 1992  452]
[3585 2106 1992  452]
[3784 2106 1992  452]
[3784 2106 1992  452]
[3784 2106  452 1992]
[3784 2106 1992  452]
[3784 2106 1992  452]
[3784 2106 1992  452]
[3585 2106 1992  452]
[3784 2106 1992  452]
[3784 2106 1992  452]
[3784 2106 1992  452]
[3784 2106 1992  452]
[3784 2106 1992  452]
[3585 2106 1992  452]
[3784 2106 1992  452]
[3784 2106 1992  452]
[3784 2106 1992  452]
[3585 2106 1992  452]
At i = 681:
[3585 2106 1992  452]
[3585 2106 1992  452]
[3784 2106 1992  452]
[3585 2106 1992  452]
[3784 2106 1992  452]
[ 963 2106 1992  452]
[3784 2106 1992  452]
[3784 2106 1992  452]
[3585 2106 1992  452]
[3784 2106 1992  452]
[3585 2106 1992  452]
[3585 2106 1992  452]
[ 963 2106  452 1992]
[3585 2106 1992  452]
[ 963 2106 1992  452]
[3585 2106 1992  452]
[3784 2106 1992  452]
[3784 2106 1992  452]
[3784 2106 1992  452]
[3784 2106 1992  452]
[3784 2106 1992  452]
[3784 2106 1992  452]
[3784 2106 1992  452]
[3784 2106 1992  452]
[3585 2106 1992  452]
[ 963 2106 1992  452]
[3585 2106 1992  452]
[3585 2106 1992  452]
[3585 2106 1992  452]
[3585 2106 1992  452]
[3784 2106 1992  452]
[3784 2106 1992  452]
[3784 2106  452 1992]
[3784 2106 1992  452]
[3784 2106 1992  452]
[3784 2106 1992  452]
[3585 2106 1992  452]
[3784 2106 1992  452]
[3784 2106 1992  452]
[3784 2106 1992  452]
[3844 2106 1992  452]
[5227 2106 1992  452]
At i = 701:
[3784 2106 1992  452]
[3784 2106 1992  452]
[3585 2106 1992  452]
[3585 2106 1992  452]
[3585 2106 1992  452]
[3585 2106 1992  452]
[3784 2106 1992  452]
[3585 2106 1992  452]
[3784 2106 1992  452]
[ 963 2106 1992  452]
[3784 2106 1992  452]
[3784 2106 1992  452]
[3585 2106 1992  452]
[3784 2106 1992  452]
[3585 2106 1992  452]
[3585 2106 1992  452]
[ 963 2106  452 1992]
[3585 2106 1992  452]
[ 963 2106 1992  452]
[3585 2106 1992  452]
[3784 2106 1992  452]
[3784 2106 1992  452]
[3784 2106 1992  452]
[3784 2106 1992  452]
[3784 2106 1992  452]
[3784 2106 1992  452]
[3784 2106 1992  452]
[3784 2106 1992  452]
[3585 2106 1992  452]
[ 963 2106 1992  452]
[3585 2106 1992  452]
[3585 2106 1992  452]
[3585 2106 1992  452]
[3585 2106 1992  452]
[3784 2106 1992  452]
[3784 2106 1992  452]
[3784 2106  452 1992]
[3784 2106 1992  452]
[3784 2106 1992  452]
[3784 2106 1992  452]
[3585 2106 1992  452]
[7643 2106 1992  452]
At i = 721:
[3585 2106 1992  452]
[3585 2106 1992  452]
[3585 2106 1992  452]
[3784 2106 1992  452]
[ 963 2106 1992  452]
[3585 2106  452 1992]
[3585 2106 1992  452]
[3784 2106 1992  452]
[3784 2106 1992  452]
[3784 2106 1992  452]
[3784 2106 1992  452]
[3585 2106 1992  452]
[3585 2106 1992  452]
[3585 2106 1992  452]
[3585 2106 1992  452]
[3784 2106 1992  452]
[3585 2106 1992  452]
[3784 2106 1992  452]
[ 963 2106 1992  452]
[3784 2106 1992  452]
[3784 2106 1992  452]
[3585 2106 1992  452]
[3784 2106 1992  452]
[3585 2106 1992  452]
[3585 2106 1992  452]
[ 963 2106  452 1992]
[3585 2106 1992  452]
[ 963 2106 1992  452]
[3585 2106 1992  452]
[3784 2106 1992  452]
[3784 2106 1992  452]
[3784 2106 1992  452]
[3784 2106 1992  452]
[3784 2106 1992  452]
[3784 2106 1992  452]
[3784 2106 1992  452]
[3784 2106 1992  452]
[3585 2106 1992  452]
[ 963 2106 1992  452]
[3844 2106 1992  452]
[1723 2106 1992  452]
At i = 741:
[3784 2106 1992  452]
[3585 2106 1992  452]
[ 963 2106 1992  452]
[3585 2106 1992  452]
[3585 2106 1992  452]
[ 963 2106 1992  452]
[3784 2106 1992  452]
[3585 2106 1992  452]
[ 963 2106 1992  452]
[3585 2106 1992  452]
[3585 2106 1992  452]
[3585 2106 1992  452]
[3784 2106 1992  452]
[ 963 2106 1992  452]
[3585 2106  452 1992]
[3585 2106 1992  452]
[3784 2106 1992  452]
[3784 2106 1992  452]
[3784 2106 1992  452]
[3784 2106 1992  452]
[3585 2106 1992  452]
[3585 2106 1992  452]
[3585 2106 1992  452]
[3585 2106 1992  452]
[3784 2106 1992  452]
[3585 2106 1992  452]
[3784 2106 1992  452]
[ 963 2106 1992  452]
[3784 2106 1992  452]
[3784 2106 1992  452]
[3585 2106 1992  452]
[3784 2106 1992  452]
[3585 2106 1992  452]
[3585 2106 1992  452]
[ 963 2106  452 1992]
[3585 2106 1992  452]
[ 963 2106 1992  452]
[3585 2106 1992  452]
[3784 2106 1992  452]
[3784 2106 1992  452]
[3844 2106 1992  452]
[6538 2106 1992  452]
[8318 2106 1992  452]
At i = 761:
[ 963 2106 1992  452]
[ 963 2106 1992  452]
[3784 2106 1992  452]
[3784 2106 1992  452]
[3784 2106 1992  452]
[3784 2106 1992  452]
[ 963 2106 1992  452]
[ 963 2106 1992  452]
[3585 2106 1992  452]
[3784 2106 1992  452]
[3585 2106 1992  452]
[ 963 2106 1992  452]
[3585 2106 1992  452]
[3585 2106 1992  452]
[ 963 2106 1992  452]
[3784 2106 1992  452]
[3585 2106 1992  452]
[ 963 2106 1992  452]
[3585 2106 1992  452]
[3585 2106 1992  452]
[3585 2106 1992  452]
[3784 2106 1992  452]
[ 963 2106 1992  452]
[3585 2106  452 1992]
[3585 2106 1992  452]
[3784 2106 1992  452]
[3784 2106 1992  452]
[3784 2106 1992  452]
[3784 2106 1992  452]
[3585 2106 1992  452]
[3585 2106 1992  452]
[3585 2106 1992  452]
[3585 2106 1992  452]
[3784 2106 1992  452]
[3585 2106 1992  452]
[3784 2106 1992  452]
[ 963 2106 1992  452]
[3784 2106 1992  452]
[3784 2106 1992  452]
[3585 2106 1992  452]
[3784 2106 1992  452]
[7643 2106 1992  452]
At i = 781:
[3585 2106 1992  452]
[ 963 2106 1992  452]
[3784 2106 1992  452]
[ 963 2106 1992  452]
[3784 2106 1992  452]
[ 963 2106 1992  452]
[ 963 2106 1992  452]
[3784 2106 1992  452]
[3784 2106 1992  452]
[3784 2106 1992  452]
[3784 2106 1992  452]
[ 963 2106 1992  452]
[ 963 2106 1992  452]
[3585 2106 1992  452]
[3784 2106 1992  452]
[3585 2106 1992  452]
[ 963 2106 1992  452]
[3585 2106 1992  452]
[3585 2106 1992  452]
[ 963 2106 1992  452]
[3784 2106 1992  452]
[3585 2106 1992  452]
[ 963 2106 1992  452]
[3585 2106 1992  452]
[3585 2106 1992  452]
[3585 2106 1992  452]
[3784 2106 1992  452]
[ 963 2106 1992  452]
[3585 2106  452 1992]
[3585 2106 1992  452]
[3784 2106 1992  452]
[3784 2106 1992  452]
[3784 2106 1992  452]
[3784 2106 1992  452]
[3585 2106 1992  452]
[3585 2106 1992  452]
[3585 2106 1992  452]
[3585 2106 1992  452]
[3784 2106 1992  452]
[3585 2106 1992  452]
[3844 2106 1992  452]
[7643 2106 1992  452]
At i = 801:
[3585 2106 1992  452]
[ 963 2106 1992  452]
[ 963 2106  452 1992]
[3585 2106 1992  452]
[ 963 2106 1992  452]
[ 963 2106 1992  452]
[3585 2106 1992  452]
[3585 2106 1992  452]
[3585 2106 1992  452]
[ 963 2106 1992  452]
[3784 2106 1992  452]
[ 963 2106 1992  452]
[3784 2106 1992  452]
[ 963 2106 1992  452]
[ 963 2106 1992  452]
[3784 2106 1992  452]
[3784 2106 1992  452]
[3784 2106 1992  452]
[3784 2106 1992  452]
[ 963 2106 1992  452]
[ 963 2106 1992  452]
[3585 2106 1992  452]
[3784 2106 1992  452]
[3585 2106 1992  452]
[ 963 2106 1992  452]
[3585 2106 1992  452]
[3585 2106 1992  452]
[ 963 2106 1992  452]
[3784 2106 1992  452]
[3585 2106 1992  452]
[ 963 2106 1992  452]
[3585 2106 1992  452]
[3585 2106 1992  452]
[3585 2106 1992  452]
[3784 2106 1992  452]
[ 963 2106 1992  452]
[3585 2106  452 1992]
[3585 2106 1992  452]
[3784 2106 1992  452]
[3784 2106 1992  452]
[1723 2106 1992  452]
[1510 2106 1992  452]
At i = 821:
[3784 2106 1992  452]
[3585 2106 1992  452]
[3784 2106 1992  452]
[3784 2106 1992  452]
[3585 2106 1992  452]
[3585 2106 1992  452]
[3585 2106 1992  452]
[3784 2106 1992  452]
[ 963 2106 1992  452]
[3784 2106 1992  452]
[3585 2106 1992  452]
[ 963 2106 1992  452]
[ 963 2106  452 1992]
[3585 2106 1992  452]
[ 963 2106 1992  452]
[ 963 2106 1992  452]
[3585 2106 1992  452]
[3585 2106 1992  452]
[3585 2106 1992  452]
[ 963 2106 1992  452]
[3784 2106 1992  452]
[ 963 2106 1992  452]
[3784 2106 1992  452]
[ 963 2106 1992  452]
[ 963 2106 1992  452]
[3784 2106 1992  452]
[3784 2106 1992  452]
[3784 2106 1992  452]
[3784 2106 1992  452]
[ 963 2106 1992  452]
[ 963 2106 1992  452]
[3585 2106 1992  452]
[3784 2106 1992  452]
[3585 2106 1992  452]
[ 963 2106 1992  452]
[3585 2106 1992  452]
[3585 2106 1992  452]
[ 963 2106 1992  452]
[3784 2106 1992  452]
[3844 2106 1992  452]
At i = 841:
[3784 2106 1992  452]
[3585 2106 1992  452]
[3585 2106 1992  452]
[3585 2106 1992  452]
[3585 2106 1992  452]
[ 963 2106 1992  452]
[3784 2106 1992  452]
[3585 2106 1992  452]
[3784 2106 1992  452]
[3784 2106 1992  452]
[3585 2106 1992  452]
[3585 2106 1992  452]
[3585 2106 1992  452]
[3784 2106 1992  452]
[ 963 2106 1992  452]
[3784 2106 1992  452]
[3585 2106 1992  452]
[ 963 2106 1992  452]
[ 963 2106  452 1992]
[3585 2106 1992  452]
[ 963 2106 1992  452]
[ 963 2106 1992  452]
[3585 2106 1992  452]
[3585 2106 1992  452]
[3585 2106 1992  452]
[ 963 2106 1992  452]
[3784 2106 1992  452]
[ 963 2106 1992  452]
[3784 2106 1992  452]
[ 963 2106 1992  452]
[ 963 2106 1992  452]
[3784 2106 1992  452]
[3784 2106 1992  452]
[3784 2106 1992  452]
[3784 2106 1992  452]
[ 963 2106 1992  452]
[ 963 2106 1992  452]
[3585 2106 1992  452]
[3784 2106 1992  452]
[3585 2106 1992  452]
At i = 861:
[ 963 2106 1992  452]
[3585 2106 1992  452]
[ 963 2106 1992  452]
[ 963 2106 1992  452]
[3784 2106  452 1992]
[ 963 2106 1992  452]
[3585 2106 1992  452]
[ 963 2106 1992  452]
[3784 2106 1992  452]
[3784 2106 1992  452]
[3784 2106 1992  452]
[3585 2106 1992  452]
[3585 2106 1992  452]
[3585 2106 1992  452]
[3784 2106 1992  452]
[3585 2106 1992  452]
[3585 2106 1992  452]
[3585 2106 1992  452]
[3585 2106 1992  452]
[ 963 2106 1992  452]
[3784 2106 1992  452]
[3585 2106 1992  452]
[3784 2106 1992  452]
[3784 2106 1992  452]
[3585 2106 1992  452]
[3585 2106 1992  452]
[3585 2106 1992  452]
[3784 2106 1992  452]
[ 963 2106 1992  452]
[3784 2106 1992  452]
[3585 2106 1992  452]
[ 963 2106 1992  452]
[ 963 2106  452 1992]
[3585 2106 1992  452]
[ 963 2106 1992  452]
[ 963 2106 1992  452]
[3585 2106 1992  452]
[3585 2106 1992  452]
[3585 2106 1992  452]
[ 963 2106 1992  452]
[3784 2106 1992  452]
[3844 2106 1992  452]
At i = 881:
[3585 2106 1992  452]
[ 963 2106 1992  452]
[3784 2106 1992  452]
[3585 2106 1992  452]
[3784 2106 1992  452]
[3585 2106 1992  452]
[3585 2106 1992  452]
[3585 2106 1992  452]
[ 963 2106  452 1992]
[ 963 2106 1992  452]
[3585 2106 1992  452]
[ 963 2106 1992  452]
[ 963 2106 1992  452]
[3784 2106  452 1992]
[ 963 2106 1992  452]
[3585 2106 1992  452]
[ 963 2106 1992  452]
[3784 2106 1992  452]
[3784 2106 1992  452]
[3784 2106 1992  452]
[3585 2106 1992  452]
[3585 2106 1992  452]
[3585 2106 1992  452]
[3784 2106 1992  452]
[3585 2106 1992  452]
[3585 2106 1992  452]
[3585 2106 1992  452]
[3585 2106 1992  452]
[ 963 2106 1992  452]
[3784 2106 1992  452]
[3585 2106 1992  452]
[3784 2106 1992  452]
[3784 2106 1992  452]
[3585 2106 1992  452]
[3585 2106 1992  452]
[3585 2106 1992  452]
[3784 2106 1992  452]
[ 963 2106 1992  452]
[3784 2106 1992  452]
[7643 2106 1992  452]
At i = 901:
[3784 2106 1992  452]
[ 963 2106 1992  452]
[3784 2106 1992  452]
[3585 2106 1992  452]
[3784 2106 1992  452]
[3585 2106 1992  452]
[3585 2106 1992  452]
[ 963 2106 1992  452]
[3784 2106 1992  452]
[3585 2106 1992  452]
[3784 2106 1992  452]
[3585 2106 1992  452]
[3585 2106 1992  452]
[3585 2106 1992  452]
[ 963 2106  452 1992]
[ 963 2106 1992  452]
[3585 2106 1992  452]
[ 963 2106 1992  452]
[ 963 2106 1992  452]
[3784 2106  452 1992]
[ 963 2106 1992  452]
[3585 2106 1992  452]
[ 963 2106 1992  452]
[3784 2106 1992  452]
[3784 2106 1992  452]
[3784 2106 1992  452]
[3585 2106 1992  452]
[3585 2106 1992  452]
[3585 2106 1992  452]
[3784 2106 1992  452]
[3585 2106 1992  452]
[3585 2106 1992  452]
[3585 2106 1992  452]
[3585 2106 1992  452]
[ 963 2106 1992  452]
[3784 2106 1992  452]
[3585 2106 1992  452]
[3784 2106 1992  452]
[3784 2106 1992  452]
[7643 2106 1992  452]
At i = 921:
[3784 2106 1992  452]
[ 963 2106 1992  452]
[3585 2106 1992  452]
[3585 2106 1992  452]
[3585 2106 1992  452]
[ 963 2106 1992  452]
[ 963 2106 1992  452]
[3784 2106 1992  452]
[ 963 2106 1992  452]
[3784 2106 1992  452]
[3585 2106 1992  452]
[3784 2106 1992  452]
[3585 2106 1992  452]
[3585 2106 1992  452]
[ 963 2106 1992  452]
[3784 2106 1992  452]
[3585 2106 1992  452]
[3784 2106 1992  452]
[3585 2106 1992  452]
[3585 2106 1992  452]
[3585 2106 1992  452]
[ 963 2106  452 1992]
[ 963 2106 1992  452]
[3585 2106 1992  452]
[ 963 2106 1992  452]
[ 963 2106 1992  452]
[3784 2106  452 1992]
[ 963 2106 1992  452]
[3585 2106 1992  452]
[ 963 2106 1992  452]
[3784 2106 1992  452]
[3784 2106 1992  452]
[3784 2106 1992  452]
[3585 2106 1992  452]
[3585 2106 1992  452]
[3585 2106 1992  452]
[3784 2106 1992  452]
[3585 2106 1992  452]
[3585 2106 1992  452]
[3585 2106 1992  452]
[1567 2106 1992  452]
[1882 2106 1992  452]
[1510 2106 1992  452]
At i = 941:
[ 963 2106 1992  452]
[ 963 2106 1992  452]
[ 963 2106 1992  452]
[3585 2106 1992  452]
[ 963 2106 1992  452]
[3585 2106 1992  452]
[ 963 2106 1992  452]
[3784 2106 1992  452]
[3784 2106 1992  452]
[ 963 2106 1992  452]
[3585 2106 1992  452]
[3784 2106 1992  452]
[ 963 2106 1992  452]
[3585 2106 1992  452]
[3585 2106 1992  452]
[3585 2106 1992  452]
[ 963 2106 1992  452]
[ 963 2106 1992  452]
[3784 2106 1992  452]
[ 963 2106 1992  452]
[3784 2106 1992  452]
[3585 2106 1992  452]
[3784 2106 1992  452]
[3585 2106 1992  452]
[3585 2106 1992  452]
[ 963 2106 1992  452]
[3784 2106 1992  452]
[3585 2106 1992  452]
[3784 2106 1992  452]
[3585 2106 1992  452]
[3585 2106 1992  452]
[3585 2106 1992  452]
[ 963 2106  452 1992]
[ 963 2106 1992  452]
[3585 2106 1992  452]
[ 963 2106 1992  452]
[ 963 2106 1992  452]
[3784 2106  452 1992]
[ 963 2106 1992  452]
[3585 2106 1992  452]
[ 963 2106 1992  452]
[3784 2106 1992  452]
At i = 961:
[ 963 2106 1992  452]
[3784 2106 1992  452]
[3784 2106 1992  452]
[3784 2106 1992  452]
[3585 2106 1992  452]
[ 963 2106 1992  452]
[3585 2106 1992  452]
[3784 2106 1992  452]
[ 963 2106 1992  452]
[ 963 2106 1992  452]
[ 963 2106 1992  452]
[ 963 2106 1992  452]
[3585 2106 1992  452]
[ 963 2106 1992  452]
[3585 2106 1992  452]
[ 963 2106 1992  452]
[3784 2106 1992  452]
[3784 2106 1992  452]
[ 963 2106 1992  452]
[3585 2106 1992  452]
[3784 2106 1992  452]
[ 963 2106 1992  452]
[3585 2106 1992  452]
[3585 2106 1992  452]
[3585 2106 1992  452]
[ 963 2106 1992  452]
[ 963 2106 1992  452]
[3784 2106 1992  452]
[ 963 2106 1992  452]
[3784 2106 1992  452]
[3585 2106 1992  452]
[3784 2106 1992  452]
[3585 2106 1992  452]
[3585 2106 1992  452]
[ 963 2106 1992  452]
[3784 2106 1992  452]
[3585 2106 1992  452]
[3784 2106 1992  452]
[3585 2106 1992  452]
[3844 2106 1992  452]
At i = 981:
[3784 2106 1992  452]
[3784 2106 1992  452]
[ 963 2106 1992  452]
[ 963 2106 1992  452]
[ 963 2106 1992  452]
[3585 2106 1992  452]
[3784 2106 1992  452]
[3784 2106 1992  452]
[ 963 2106 1992  452]
[ 963 2106 1992  452]
[ 963 2106 1992  452]
[3784 2106 1992  452]
[3784 2106 1992  452]
[3784 2106 1992  452]
[3585 2106 1992  452]
[ 963 2106 1992  452]
[3585 2106 1992  452]
[3784 2106 1992  452]
[ 963 2106 1992  452]
[ 963 2106 1992  452]
[ 963 2106 1992  452]
[ 963 2106 1992  452]
[3585 2106 1992  452]
[ 963 2106 1992  452]
[3585 2106 1992  452]
[ 963 2106 1992  452]
[3784 2106 1992  452]
[3784 2106 1992  452]
[ 963 2106 1992  452]
[3585 2106 1992  452]
[3784 2106 1992  452]
[ 963 2106 1992  452]
[3585 2106 1992  452]
[3585 2106 1992  452]
[3585 2106 1992  452]
[ 963 2106 1992  452]
[ 963 2106 1992  452]
[3784 2106 1992  452]
[ 963 2106 1992  452]
[3784 2106 1992  452]
At i = 1001:
[3784 2106 1992  452]
[ 963 2106 1992  452]
[3585 2106 1992  452]
[3585 2106 1992  452]
[ 963 2106 1992  452]
[ 963 2106 1992  452]
[3585 2106 1992  452]
[3784 2106 1992  452]
[3784 2106 1992  452]
[3784 2106 1992  452]
[ 963 2106 1992  452]
[ 963 2106 1992  452]
[ 963 2106 1992  452]
[3585 2106 1992  452]
[3784 2106 1992  452]
[3784 2106 1992  452]
[ 963 2106 1992  452]
[ 963 2106 1992  452]
[ 963 2106 1992  452]
[3784 2106 1992  452]
[3784 2106 1992  452]
[3784 2106 1992  452]
[3585 2106 1992  452]
[ 963 2106 1992  452]
[3585 2106 1992  452]
[3784 2106 1992  452]
[ 963 2106 1992  452]
[ 963 2106 1992  452]
[ 963 2106 1992  452]
[ 963 2106 1992  452]
[3585 2106 1992  452]
[ 963 2106 1992  452]
[3585 2106 1992  452]
[ 963 2106 1992  452]
[3784 2106 1992  452]
[3784 2106 1992  452]
[ 963 2106 1992  452]
[3585 2106 1992  452]
[3784 2106 1992  452]
[ 963 2106 1992  452]
[1004 2106 1992  452]
[4184 2106 1992  452]
At i = 1021:
[ 963 2106 1992  452]
[ 963 2106 1992  452]
[ 963 2106 1992  452]
[ 963 2106  452 1992]
[3585 2106 1992  452]
[ 963 2106 1992  452]
[3784 2106 1992  452]
[3585 2106 1992  452]
[3784 2106 1992  452]
[ 963 2106 1992  452]
[3784 2106 1992  452]
[ 963 2106 1992  452]
[3585 2106 1992  452]
[3585 2106 1992  452]
[ 963 2106 1992  452]
[ 963 2106 1992  452]
[3585 2106 1992  452]
[3784 2106 1992  452]
[3784 2106 1992  452]
[3784 2106 1992  452]
[ 963 2106 1992  452]
[ 963 2106 1992  452]
[ 963 2106 1992  452]
[3585 2106 1992  452]
[3784 2106 1992  452]
[3784 2106 1992  452]
[ 963 2106 1992  452]
[ 963 2106 1992  452]
[ 963 2106 1992  452]
[3784 2106 1992  452]
[3784 2106 1992  452]
[3784 2106 1992  452]
[3585 2106 1992  452]
[ 963 2106 1992  452]
[3585 2106 1992  452]
[3784 2106 1992  452]
[ 963 2106 1992  452]
[ 963 2106 1992  452]
[ 963 2106 1992  452]
[ 963 2106 1992  452]
[3585 2106 1992  452]
[ 963 2106 1992  452]
At i = 1041:
[ 963 2106 1992  452]
[3585 2106 1992  452]
[ 963 2106 1992  452]
[3784 2106 1992  452]
[ 963 2106 1992  452]
[3784 2106 1992  452]
[3585 2106 1992  452]
[3585 2106 1992  452]
[3784 2106 1992  452]
[3784 2106 1992  452]
[ 963 2106 1992  452]
[ 963 2106 1992  452]
[ 963 2106 1992  452]
[ 963 2106 1992  452]
[ 963 2106  452 1992]
[3585 2106 1992  452]
[ 963 2106 1992  452]
[3784 2106 1992  452]
[3585 2106 1992  452]
[3784 2106 1992  452]
[ 963 2106 1992  452]
[3784 2106 1992  452]
[ 963 2106 1992  452]
[3585 2106 1992  452]
[3585 2106 1992  452]
[ 963 2106 1992  452]
[ 963 2106 1992  452]
[3585 2106 1992  452]
[3784 2106 1992  452]
[3784 2106 1992  452]
[3784 2106 1992  452]
[ 963 2106 1992  452]
[ 963 2106 1992  452]
[ 963 2106 1992  452]
[3585 2106 1992  452]
[3784 2106 1992  452]
[3784 2106 1992  452]
[ 963 2106 1992  452]
[ 963 2106 1992  452]
[ 963 2106 1992  452]
At i = 1061:
[ 963 2106 1992  452]
[3784 2106 1992  452]
[ 963 2106 1992  452]
[3585 2106 1992  452]
[3585 2106 1992  452]
[3784 2106 1992  452]
[3585 2106 1992  452]
[3585 2106 1992  452]
[ 963 2106 1992  452]
[3585 2106 1992  452]
[ 963 2106 1992  452]
[3784 2106 1992  452]
[ 963 2106 1992  452]
[3784 2106 1992  452]
[3585 2106 1992  452]
[3585 2106 1992  452]
[3784 2106 1992  452]
[3784 2106 1992  452]
[ 963 2106 1992  452]
[ 963 2106 1992  452]
[ 963 2106 1992  452]
[ 963 2106 1992  452]
[ 963 2106  452 1992]
[3585 2106 1992  452]
[ 963 2106 1992  452]
[3784 2106 1992  452]
[3585 2106 1992  452]
[3784 2106 1992  452]
[ 963 2106 1992  452]
[3784 2106 1992  452]
[ 963 2106 1992  452]
[3585 2106 1992  452]
[3585 2106 1992  452]
[ 963 2106 1992  452]
[ 963 2106 1992  452]
[3585 2106 1992  452]
[3784 2106 1992  452]
[3784 2106 1992  452]
[3784 2106 1992  452]
[3844 2106 1992  452]
At i = 1081:
[3585 2106 1992  452]
[3784 2106 1992  452]
[3585 2106 1992  452]
[3585 2106 1992  452]
[3784 2106 1992  452]
[ 963 2106 1992  452]
[3784 2106 1992  452]
[3784 2106 1992  452]
[ 963 2106 1992  452]
[3784 2106 1992  452]
[ 963 2106 1992  452]
[3585 2106 1992  452]
[3585 2106 1992  452]
[3784 2106 1992  452]
[3585 2106 1992  452]
[3585 2106 1992  452]
[ 963 2106 1992  452]
[3585 2106 1992  452]
[ 963 2106 1992  452]
[3784 2106 1992  452]
[ 963 2106 1992  452]
[3784 2106 1992  452]
[3585 2106 1992  452]
[3585 2106 1992  452]
[3784 2106 1992  452]
[3784 2106 1992  452]
[ 963 2106 1992  452]
[ 963 2106 1992  452]
[ 963 2106 1992  452]
[ 963 2106 1992  452]
[ 963 2106  452 1992]
[3585 2106 1992  452]
[ 963 2106 1992  452]
[3784 2106 1992  452]
[3585 2106 1992  452]
[3784 2106 1992  452]
[ 963 2106 1992  452]
[3784 2106 1992  452]
[ 963 2106 1992  452]
[3585 2106 1992  452]
At i = 1101:
[3585 2106 1992  452]
[3784 2106 1992  452]
[ 963 2106 1992  452]
[3585 2106 1992  452]
[3585 2106 1992  452]
[ 963 2106 1992  452]
[3585 2106 1992  452]
[ 963 2106 1992  452]
[3585 2106 1992  452]
[3784 2106 1992  452]
[3585 2106 1992  452]
[3585 2106 1992  452]
[3784 2106 1992  452]
[ 963 2106 1992  452]
[3784 2106 1992  452]
[3784 2106 1992  452]
[ 963 2106 1992  452]
[3784 2106 1992  452]
[ 963 2106 1992  452]
[3585 2106 1992  452]
[3585 2106 1992  452]
[3784 2106 1992  452]
[3585 2106 1992  452]
[3585 2106 1992  452]
[ 963 2106 1992  452]
[3585 2106 1992  452]
[ 963 2106 1992  452]
[3784 2106 1992  452]
[ 963 2106 1992  452]
[3784 2106 1992  452]
[3585 2106 1992  452]
[3585 2106 1992  452]
[3784 2106 1992  452]
[3784 2106 1992  452]
[ 963 2106 1992  452]
[ 963 2106 1992  452]
[ 963 2106 1992  452]
[ 963 2106 1992  452]
[ 963 2106  452 1992]
[3585 2106 1992  452]
[ 963 2106 1992  452]
[3844 2106 1992  452]
At i = 1121:
[ 963 2106 1992  452]
[3585 2106 1992  452]
[ 963 2106 1992  452]
[3784 2106 1992  452]
[ 963 2106 1992  452]
[ 963 2106 1992  452]
[3784 2106 1992  452]
[3585 2106 1992  452]
[3784 2106 1992  452]
[ 963 2106 1992  452]
[3585 2106 1992  452]
[3585 2106 1992  452]
[ 963 2106 1992  452]
[3585 2106 1992  452]
[ 963 2106 1992  452]
[3585 2106 1992  452]
[3784 2106 1992  452]
[3585 2106 1992  452]
[3585 2106 1992  452]
[3784 2106 1992  452]
[ 963 2106 1992  452]
[3784 2106 1992  452]
[3784 2106 1992  452]
[ 963 2106 1992  452]
[3784 2106 1992  452]
[ 963 2106 1992  452]
[3585 2106 1992  452]
[3585 2106 1992  452]
[3784 2106 1992  452]
[3585 2106 1992  452]
[3585 2106 1992  452]
[ 963 2106 1992  452]
[3585 2106 1992  452]
[ 963 2106 1992  452]
[3784 2106 1992  452]
[ 963 2106 1992  452]
[3784 2106 1992  452]
[3585 2106 1992  452]
[3585 2106 1992  452]
[3784 2106 1992  452]
[3844 2106 1992  452]
[6552 2106 1992  452]
At i = 1141:
[3784 2106 1992  452]
[ 963 2106 1992  452]
[ 963 2106 1992  452]
[3784 2106 1992  452]
[3585 2106 1992  452]
[3585 2106 1992  452]
[3585 2106 1992  452]
[3585 2106 1992  452]
[ 963 2106 1992  452]
[3585 2106 1992  452]
[ 963 2106 1992  452]
[3784 2106 1992  452]
[ 963 2106 1992  452]
[ 963 2106 1992  452]
[3784 2106 1992  452]
[3585 2106 1992  452]
[3784 2106 1992  452]
[ 963 2106 1992  452]
[3585 2106 1992  452]
[3585 2106 1992  452]
[ 963 2106 1992  452]
[3585 2106 1992  452]
[ 963 2106 1992  452]
[3585 2106 1992  452]
[3784 2106 1992  452]
[3585 2106 1992  452]
[3585 2106 1992  452]
[3784 2106 1992  452]
[ 963 2106 1992  452]
[3784 2106 1992  452]
[3784 2106 1992  452]
[ 963 2106 1992  452]
[3784 2106 1992  452]
[ 963 2106 1992  452]
[3585 2106 1992  452]
[3585 2106 1992  452]
[3784 2106 1992  452]
[3585 2106 1992  452]
[3585 2106 1992  452]
[3844 2106 1992  452]
At i = 1161:
[3585 2106 1992  452]
[3784 2106 1992  452]
[3585 2106 1992  452]
[3784 2106 1992  452]
[3784 2106 1992  452]
[ 963 2106 1992  452]
[3784 2106 1992  452]
[3585 2106 1992  452]
[3784 2106 1992  452]
[ 963 2106 1992  452]
[3784 2106 1992  452]
[3585 2106 1992  452]
[3784 2106 1992  452]
[ 963 2106 1992  452]
[ 963 2106 1992  452]
[3784 2106 1992  452]
[3585 2106 1992  452]
[3585 2106 1992  452]
[3585 2106 1992  452]
[3585 2106 1992  452]
[ 963 2106 1992  452]
[3585 2106 1992  452]
[ 963 2106 1992  452]
[3784 2106 1992  452]
[ 963 2106 1992  452]
[ 963 2106 1992  452]
[3784 2106 1992  452]
[3585 2106 1992  452]
[3784 2106 1992  452]
[ 963 2106 1992  452]
[3585 2106 1992  452]
[3585 2106 1992  452]
[ 963 2106 1992  452]
[3585 2106 1992  452]
[ 963 2106 1992  452]
[3585 2106 1992  452]
[3784 2106 1992  452]
[3585 2106 1992  452]
[3585 2106 1992  452]
[7643 2106 1992  452]
[7643 2106 1992  452]
[3844 2106 1992  452]
At i = 1181:
[3585 2106 1992  452]
[3585 2106 1992  452]
[ 963 2106 1992  452]
[3585 2106 1992  452]
[3784 2106 1992  452]
[3784 2106 1992  452]
[3784 2106 1992  452]
[ 963 2106 1992  452]
[3585 2106 1992  452]
[3585 2106 1992  452]
[3585 2106 1992  452]
[3784 2106 1992  452]
[3784 2106 1992  452]
[3585 2106 1992  452]
[3585 2106 1992  452]
[3585 2106 1992  452]
[3784 2106 1992  452]
[3585 2106 1992  452]
[3784 2106 1992  452]
[3784 2106 1992  452]
[ 963 2106 1992  452]
[3784 2106 1992  452]
[3585 2106 1992  452]
[3784 2106 1992  452]
[ 963 2106 1992  452]
[3784 2106 1992  452]
[3585 2106 1992  452]
[3784 2106 1992  452]
[ 963 2106 1992  452]
[ 963 2106 1992  452]
[3784 2106 1992  452]
[3585 2106 1992  452]
[3585 2106 1992  452]
[3585 2106 1992  452]
[3585 2106 1992  452]
[ 963 2106 1992  452]
[3585 2106 1992  452]
[ 963 2106 1992  452]
[3784 2106 1992  452]
[ 963 2106 1992  452]
[ 963 2106 1992  452]
[5227 2106 1992  452]
At i = 1201:
[ 963 2106 1992  452]
[3585 2106 1992  452]
[3784 2106 1992  452]
[3585 2106 1992  452]
[3585 2106 1992  452]
[3784 2106 1992  452]
[3585 2106 1992  452]
[3585 2106 1992  452]
[ 963 2106 1992  452]
[3585 2106 1992  452]
[3784 2106 1992  452]
[3784 2106 1992  452]
[3784 2106 1992  452]
[ 963 2106 1992  452]
[3585 2106 1992  452]
[3585 2106 1992  452]
[3585 2106 1992  452]
[3784 2106 1992  452]
[3784 2106 1992  452]
[3585 2106 1992  452]
[3585 2106 1992  452]
[3585 2106 1992  452]
[3784 2106 1992  452]
[3585 2106 1992  452]
[3784 2106 1992  452]
[3784 2106 1992  452]
[ 963 2106 1992  452]
[3784 2106 1992  452]
[3585 2106 1992  452]
[3784 2106 1992  452]
[ 963 2106 1992  452]
[3784 2106 1992  452]
[3585 2106 1992  452]
[3784 2106 1992  452]
[ 963 2106 1992  452]
[ 963 2106 1992  452]
[3784 2106 1992  452]
[3585 2106 1992  452]
[3585 2106 1992  452]
[3585 2106 1992  452]
[3844 2106 1992  452]
[1510 2106 1992  452]
[1510 2106 1992  452]
At i = 1221:
[3585 2106 1992  452]
[ 963 2106 1992  452]
[3585 2106 1992  452]
[3784 2106 1992  452]
[ 963 2106 1992  452]
[3784 2106 1992  452]
[3585 2106 1992  452]
[ 963 2106 1992  452]
[3585 2106 1992  452]
[3784 2106 1992  452]
[3585 2106 1992  452]
[3585 2106 1992  452]
[3784 2106 1992  452]
[3585 2106 1992  452]
[3585 2106 1992  452]
[ 963 2106 1992  452]
[3585 2106 1992  452]
[3784 2106 1992  452]
[3784 2106 1992  452]
[3784 2106 1992  452]
[ 963 2106 1992  452]
[3585 2106 1992  452]
[3585 2106 1992  452]
[3585 2106 1992  452]
[3784 2106 1992  452]
[3784 2106 1992  452]
[3585 2106 1992  452]
[3585 2106 1992  452]
[3585 2106 1992  452]
[3784 2106 1992  452]
[3585 2106 1992  452]
[3784 2106 1992  452]
[3784 2106 1992  452]
[ 963 2106 1992  452]
[3784 2106 1992  452]
[3585 2106 1992  452]
[3784 2106 1992  452]
[ 963 2106 1992  452]
[3784 2106 1992  452]
[3585 2106 1992  452]
[7643 2106 1992  452]
[3844 2106 1992  452]
At i = 1241:
[ 963 2106 1992  452]
[ 963 2106  452 1992]
[3585 2106 1992  452]
[3784 2106 1992  452]
[3784 2106 1992  452]
[3784 2106 1992  452]
[3585 2106 1992  452]
[3784 2106 1992  452]
[ 963 2106 1992  452]
[3784 2106 1992  452]
[ 963 2106  452 1992]
[3585 2106 1992  452]
[3784 2106 1992  452]
[3585 2106 1992  452]
[3585 2106 1992  452]
[ 963 2106 1992  452]
[3585 2106 1992  452]
[3784 2106 1992  452]
[ 963 2106 1992  452]
[3784 2106 1992  452]
[3585 2106 1992  452]
[ 963 2106 1992  452]
[3585 2106 1992  452]
[3784 2106 1992  452]
[3585 2106 1992  452]
[3585 2106 1992  452]
[3784 2106 1992  452]
[3585 2106 1992  452]
[3585 2106 1992  452]
[ 963 2106 1992  452]
[3585 2106 1992  452]
[3784 2106 1992  452]
[3784 2106 1992  452]
[3784 2106 1992  452]
[ 963 2106 1992  452]
[3585 2106 1992  452]
[3585 2106 1992  452]
[3585 2106 1992  452]
[3784 2106 1992  452]
[3784 2106 1992  452]
[3844 2106 1992  452]
[7643 2106 1992  452]
At i = 1261:
[3585 2106 1992  452]
[3585 2106 1992  452]
[ 963 2106  452 1992]
[ 963 2106 1992  452]
[3784 2106 1992  452]
[3585 2106 1992  452]
[3784 2106 1992  452]
[ 963 2106 1992  452]
[ 963 2106 1992  452]
[3784 2106 1992  452]
[ 963 2106 1992  452]
[ 963 2106 1992  452]
[3585 2106 1992  452]
[3784 2106 1992  452]
[3784 2106 1992  452]
[3585 2106 1992  452]
[ 963 2106 1992  452]
[ 963 2106  452 1992]
[3585 2106 1992  452]
[3784 2106 1992  452]
[3784 2106 1992  452]
[3784 2106 1992  452]
[3585 2106 1992  452]
[3784 2106 1992  452]
[ 963 2106 1992  452]
[3784 2106 1992  452]
[ 963 2106  452 1992]
[3585 2106 1992  452]
[3784 2106 1992  452]
[3585 2106 1992  452]
[3585 2106 1992  452]
[ 963 2106 1992  452]
[3585 2106 1992  452]
[3784 2106 1992  452]
[ 963 2106 1992  452]
[3784 2106 1992  452]
[3585 2106 1992  452]
[ 963 2106 1992  452]
[3585 2106 1992  452]
[3784 2106 1992  452]
[3844 2106 1992  452]
[6523 2106 1992  452]
At i = 1281:
[3784 2106 1992  452]
[3585 2106 1992  452]
[3585 2106 1992  452]
[3784 2106 1992  452]
[3784 2106 1992  452]
[3784 2106 1992  452]
[3784 2106 1992  452]
[3585 2106 1992  452]
[ 963 2106 1992  452]
[ 963 2106 1992  452]
[ 963 2106 1992  452]
[3784 2106 1992  452]
[ 963 2106 1992  452]
[3585 2106 1992  452]
[3585 2106 1992  452]
[3585 2106 1992  452]
[ 963 2106  452 1992]
[ 963 2106 1992  452]
[3784 2106 1992  452]
[3585 2106 1992  452]
[3784 2106 1992  452]
[ 963 2106 1992  452]
[ 963 2106 1992  452]
[3784 2106 1992  452]
[ 963 2106 1992  452]
[ 963 2106 1992  452]
[3585 2106 1992  452]
[3784 2106 1992  452]
[3784 2106 1992  452]
[3585 2106 1992  452]
[ 963 2106 1992  452]
[ 963 2106  452 1992]
[3585 2106 1992  452]
[3784 2106 1992  452]
[3784 2106 1992  452]
[3784 2106 1992  452]
[3585 2106 1992  452]
[3784 2106 1992  452]
[ 963 2106 1992  452]
[3784 2106 1992  452]
At i = 1301:
[ 963 2106 1992  452]
[3585 2106 1992  452]
[3784 2106 1992  452]
[3585 2106 1992  452]
[ 963 2106 1992  452]
[3784 2106 1992  452]
[3784 2106 1992  452]
[3585 2106 1992  452]
[3585 2106 1992  452]
[3784 2106 1992  452]
[ 963 2106 1992  452]
[ 963 2106 1992  452]
[3585 2106 1992  452]
[3585 2106 1992  452]
[ 963 2106 1992  452]
[3784 2106 1992  452]
[3585 2106 1992  452]
[3585 2106 1992  452]
[3784 2106 1992  452]
[3784 2106 1992  452]
[3784 2106 1992  452]
[3784 2106 1992  452]
[3585 2106 1992  452]
[ 963 2106 1992  452]
[ 963 2106 1992  452]
[ 963 2106 1992  452]
[3784 2106 1992  452]
[ 963 2106 1992  452]
[3585 2106 1992  452]
[3585 2106 1992  452]
[3585 2106 1992  452]
[ 963 2106  452 1992]
[ 963 2106 1992  452]
[3784 2106 1992  452]
[3585 2106 1992  452]
[3784 2106 1992  452]
[ 963 2106 1992  452]
[ 963 2106 1992  452]
[3784 2106 1992  452]
[3844 2106 1992  452]
At i = 1321:
[3784 2106 1992  452]
[3784 2106 1992  452]
[3784 2106 1992  452]
[3784 2106 1992  452]
[3784 2106 1992  452]
[3784 2106 1992  452]
[3784 2106 1992  452]
[3784 2106 1992  452]
[3784 2106 1992  452]
[3784 2106 1992  452]
[3784 2106 1992  452]
[ 963 2106 1992  452]
[3585 2106 1992  452]
[3585 2106 1992  452]
[ 963 2106 1992  452]
[3585 2106 1992  452]
[3784 2106 1992  452]
[3585 2106 1992  452]
[ 963 2106 1992  452]
[3784 2106 1992  452]
[3784 2106 1992  452]
[3585 2106 1992  452]
[3585 2106 1992  452]
[3784 2106 1992  452]
[ 963 2106 1992  452]
[ 963 2106 1992  452]
[3585 2106 1992  452]
[3585 2106 1992  452]
[ 963 2106 1992  452]
[3784 2106 1992  452]
[3585 2106 1992  452]
[3585 2106 1992  452]
[3784 2106 1992  452]
[3784 2106 1992  452]
[3784 2106 1992  452]
[3784 2106 1992  452]
[3585 2106 1992  452]
[ 963 2106 1992  452]
[ 963 2106 1992  452]
[7643 2106 1992  452]
[5227 2106 1992  452]
[5227 2106 1992  452]
At i = 1341:
[3784 2106 1992  452]
[3784 2106 1992  452]
[3784 2106 1992  452]
[ 963 2106 1992  452]
[ 963 2106 1992  452]
[ 963 2106 1992  452]
[3784 2106 1992  452]
[3784 2106 1992  452]
[ 963 2106 1992  452]
[3784 2106 1992  452]
[3784 2106 1992  452]
[ 963 2106 1992  452]
[ 963 2106 1992  452]
[3784 2106 1992  452]
[3585 2106 1992  452]
[3784 2106 1992  452]
[3585 2106 1992  452]
[ 963 2106 1992  452]
[3585 2106 1992  452]
[3585 2106 1992  452]
[3784 2106 1992  452]
[3585 2106 1992  452]
[3585 2106 1992  452]
[3784 2106 1992  452]
[3784 2106 1992  452]
[3784 2106 1992  452]
[3784 2106 1992  452]
[3784 2106 1992  452]
[3784 2106 1992  452]
[3784 2106 1992  452]
[3784 2106 1992  452]
[3784 2106 1992  452]
[3784 2106 1992  452]
[3784 2106 1992  452]
[ 963 2106 1992  452]
[3585 2106 1992  452]
[3585 2106 1992  452]
[ 963 2106 1992  452]
[3585 2106 1992  452]
[3784 2106 1992  452]
[3585 2106 1992  452]
[8147 2106 1992  452]
[2249 2106 1992  452]
At i = 1361:
[3784 2106 1992  452]
[3585 2106 1992  452]
[ 963 2106 1992  452]
[ 963 2106 1992  452]
[3784 2106 1992  452]
[3585 2106 1992  452]
[ 963 2106 1992  452]
[3784 2106 1992  452]
[3784 2106 1992  452]
[ 963 2106 1992  452]
[ 963 2106 1992  452]
[3784 2106 1992  452]
[3585 2106 1992  452]
[3784 2106 1992  452]
[3585 2106 1992  452]
[3585 2106 1992  452]
[3784 2106 1992  452]
[3585 2106 1992  452]
[ 963 2106 1992  452]
[3585 2106 1992  452]
[3585 2106 1992  452]
[3784 2106 1992  452]
[3784 2106 1992  452]
[3784 2106 1992  452]
[ 963 2106 1992  452]
[ 963 2106 1992  452]
[ 963 2106 1992  452]
[3784 2106 1992  452]
[3784 2106 1992  452]
[ 963 2106 1992  452]
[3784 2106 1992  452]
[3784 2106 1992  452]
[ 963 2106 1992  452]
[ 963 2106 1992  452]
[3784 2106 1992  452]
[3585 2106 1992  452]
[3784 2106 1992  452]
[3585 2106 1992  452]
[ 963 2106 1992  452]
[3585 2106 1992  452]
[3585 2106 1992  452]
[6011 2106 1992  452]
[1723 2106 1992  452]
At i = 1381:
[3784 2106 1992  452]
[3585 2106 1992  452]
[3585 2106 1992  452]
[ 963 2106 1992  452]
[ 963 2106 1992  452]
[ 963 2106 1992  452]
[3585 2106 1992  452]
[ 963 2106 1992  452]
[3585 2106 1992  452]
[3585 2106 1992  452]
[ 963 2106 1992  452]
[3784 2106 1992  452]
[3784 2106 1992  452]
[3784 2106 1992  452]
[3784 2106 1992  452]
[ 963 2106 1992  452]
[3585 2106 1992  452]
[3585 2106 1992  452]
[3784 2106 1992  452]
[3585 2106 1992  452]
[ 963 2106 1992  452]
[ 963 2106 1992  452]
[3585 2106 1992  452]
[ 963 2106 1992  452]
[3585 2106 1992  452]
[3784 2106 1992  452]
[ 963 2106 1992  452]
[3784 2106 1992  452]
[3784 2106 1992  452]
[3585 2106 1992  452]
[ 963 2106 1992  452]
[ 963 2106 1992  452]
[3784 2106 1992  452]
[3585 2106 1992  452]
[ 963 2106 1992  452]
[3784 2106 1992  452]
[3784 2106 1992  452]
[ 963 2106 1992  452]
[ 963 2106 1992  452]
[3784 2106 1992  452]
[3844 2106 1992  452]
[7643 2106 1992  452]
At i = 1401:
[3585 2106 1992  452]
[3585 2106 1992  452]
[3585 2106 1992  452]
[3784 2106 1992  452]
[3784 2106 1992  452]
[3585 2106 1992  452]
[3585 2106 1992  452]
[ 963 2106 1992  452]
[3784 2106 1992  452]
[ 963 2106 1992  452]
[3585 2106 1992  452]
[3585 2106 1992  452]
[3585 2106 1992  452]
[3585 2106 1992  452]
[ 963 2106 1992  452]
[3585 2106 1992  452]
[3585 2106 1992  452]
[ 963 2106 1992  452]
[3585 2106 1992  452]
[3784 2106 1992  452]
[3585 2106 1992  452]
[3784 2106 1992  452]
[3585 2106 1992  452]
[3585 2106 1992  452]
[ 963 2106 1992  452]
[ 963 2106 1992  452]
[ 963 2106 1992  452]
[3585 2106 1992  452]
[ 963 2106 1992  452]
[3585 2106 1992  452]
[3585 2106 1992  452]
[ 963 2106 1992  452]
[3784 2106 1992  452]
[3784 2106 1992  452]
[3784 2106 1992  452]
[3784 2106 1992  452]
[ 963 2106 1992  452]
[3585 2106 1992  452]
[3585 2106 1992  452]
[3784 2106 1992  452]
At i = 1421:
[ 963 2106 1992  452]
[3784 2106 1992  452]
[ 963 2106 1992  452]
[ 963 2106 1992  452]
[ 963 2106 1992  452]
[3784 2106 1992  452]
[3585 2106 1992  452]
[ 963 2106 1992  452]
[ 963 2106 1992  452]
[3784 2106 1992  452]
[3784 2106 1992  452]
[3585 2106 1992  452]
[ 963 2106 1992  452]
[ 963 2106 1992  452]
[3784 2106 1992  452]
[3585 2106 1992  452]
[ 963 2106 1992  452]
[3784 2106 1992  452]
[3784 2106 1992  452]
[ 963 2106 1992  452]
[3585 2106 1992  452]
[3585 2106 1992  452]
[3585 2106 1992  452]
[3585 2106 1992  452]
[3784 2106 1992  452]
[3784 2106 1992  452]
[3585 2106 1992  452]
[3585 2106 1992  452]
[ 963 2106 1992  452]
[3784 2106 1992  452]
[ 963 2106 1992  452]
[3585 2106 1992  452]
[3585 2106 1992  452]
[3585 2106 1992  452]
[3585 2106 1992  452]
[ 963 2106 1992  452]
[3585 2106 1992  452]
[3585 2106 1992  452]
[ 963 2106 1992  452]
[3844 2106 1992  452]
At i = 1441:
[ 963 2106 1992  452]
[ 963 2106 1992  452]
[ 963 2106 1992  452]
[3784 2106 1992  452]
[ 963 2106 1992  452]
[3784 2106 1992  452]
[3784 2106 1992  452]
[3585 2106 1992  452]
[3784 2106 1992  452]
[3585 2106 1992  452]
[3585 2106 1992  452]
[ 963 2106 1992  452]
[3784 2106 1992  452]
[ 963 2106 1992  452]
[3784 2106 1992  452]
[3784 2106 1992  452]
[ 963 2106 1992  452]
[3585 2106 1992  452]
[ 963 2106 1992  452]
[ 963 2106 1992  452]
[3784 2106 1992  452]
[3585 2106 1992  452]
[3585 2106 1992  452]
[3585 2106 1992  452]
[ 963 2106 1992  452]
[3784 2106 1992  452]
[ 963 2106 1992  452]
[ 963 2106 1992  452]
[ 963 2106 1992  452]
[3784 2106 1992  452]
[3585 2106 1992  452]
[ 963 2106 1992  452]
[ 963 2106 1992  452]
[3784 2106 1992  452]
[3784 2106 1992  452]
[3585 2106 1992  452]
[ 963 2106 1992  452]
[ 963 2106 1992  452]
[3844 2106 1992  452]
[3844 2106 1992  452]
[6552 2106 1992  452]
[1567 2106 1992  452]
[ 566 2106 1992  452]
[3377 2106 1992  452]
[ 566 2106 1992  452]
[3377 2106 1992  452]
At i = 1461:
[3585 2106 1992  452]
[ 963 2106 1992  452]
[3585 2106 1992  452]
[3784 2106 1992  452]
[3585 2106 1992  452]
[3585 2106 1992  452]
[3784 2106 1992  452]
[ 963 2106 1992  452]
[ 963 2106 1992  452]
[3784 2106 1992  452]
[3784 2106 1992  452]
[ 963 2106 1992  452]
[ 963 2106 1992  452]
[3784 2106 1992  452]
[3585 2106 1992  452]
[3585 2106 1992  452]
[ 963 2106 1992  452]
[3585 2106 1992  452]
[3585 2106 1992  452]
[ 963 2106 1992  452]
[ 963 2106 1992  452]
[ 963 2106 1992  452]
[ 963 2106 1992  452]
[3784 2106 1992  452]
[ 963 2106 1992  452]
[3784 2106 1992  452]
[3784 2106 1992  452]
[3585 2106 1992  452]
[3784 2106 1992  452]
[3585 2106 1992  452]
[3585 2106 1992  452]
[ 963 2106 1992  452]
[3784 2106 1992  452]
[ 963 2106 1992  452]
[3784 2106 1992  452]
[3784 2106 1992  452]
[ 963 2106 1992  452]
[3585 2106 1992  452]
[ 963 2106 1992  452]
[ 963 2106 1992  452]
[3784 2106 1992  452]
[3585 2106 1992  452]
At i = 1481:
[3585 2106 1992  452]
[3585 2106 1992  452]
[3585 2106 1992  452]
[3585 2106 1992  452]
[3784 2106 1992  452]
[3585 2106 1992  452]
[3585 2106 1992  452]
[3585 2106 1992  452]
[3784 2106 1992  452]
[ 963 2106 1992  452]
[ 963 2106 1992  452]
[3585 2106 1992  452]
[ 963 2106 1992  452]
[3784 2106 1992  452]
[3585 2106 1992  452]
[ 963 2106 1992  452]
[ 963 2106 1992  452]
[3784 2106 1992  452]
[3784 2106 1992  452]
[3585 2106 1992  452]
[3784 2106 1992  452]
[ 963 2106 1992  452]
[ 963 2106 1992  452]
[ 963 2106 1992  452]
[3784 2106 1992  452]
[3784 2106 1992  452]
[ 963 2106 1992  452]
[ 963 2106 1992  452]
[3585 2106 1992  452]
[ 963 2106 1992  452]
[3585 2106 1992  452]
[3784 2106 1992  452]
[3585 2106 1992  452]
[3585 2106 1992  452]
[3784 2106 1992  452]
[ 963 2106 1992  452]
[ 963 2106 1992  452]
[3784 2106 1992  452]
[3844 2106 1992  452]
[3844 2106 1992  452]
At i = 1501:
[3585 2106 1992  452]
[3585 2106 1992  452]
[ 963 2106 1992  452]
[ 963 2106 1992  452]
[ 963 2106 1992  452]
[3585 2106 1992  452]
[3784 2106 1992  452]
[ 963 2106 1992  452]
[3585 2106 1992  452]
[ 963 2106 1992  452]
[3784 2106 1992  452]
[3784 2106 1992  452]
[ 963 2106 1992  452]
[ 963 2106 1992  452]
[3784 2106 1992  452]
[3784 2106 1992  452]
[3585 2106 1992  452]
[3784 2106 1992  452]
[3585 2106 1992  452]
[3585 2106 1992  452]
[ 963 2106 1992  452]
[3585 2106 1992  452]
[3784 2106 1992  452]
[3585 2106 1992  452]
[ 963 2106 1992  452]
[3784 2106 1992  452]
[3585 2106 1992  452]
[ 963 2106 1992  452]
[3784 2106 1992  452]
[3585 2106 1992  452]
[ 963 2106 1992  452]
[3784 2106 1992  452]
[3784 2106 1992  452]
[3585 2106 1992  452]
[3585 2106 1992  452]
[3585 2106 1992  452]
[3585 2106 1992  452]
[3585 2106 1992  452]
[3585 2106 1992  452]
[3585 2106 1992  452]
[3784 2106 1992  452]
[3844 2106 1992  452]
At i = 1521:
[ 963 2106 1992  452]
[3784 2106 1992  452]
[ 963 2106 1992  452]
[ 963 2106 1992  452]
[ 963 2106 1992  452]
[3784 2106 1992  452]
[ 963 2106 1992  452]
[ 963 2106 1992  452]
[ 963 2106 1992  452]
[ 963 2106 1992  452]
[3585 2106 1992  452]
[3784 2106 1992  452]
[3585 2106 1992  452]
[3585 2106 1992  452]
[3585 2106 1992  452]
[3784 2106 1992  452]
[3784 2106 1992  452]
[3585 2106 1992  452]
[3585 2106 1992  452]
[ 963 2106 1992  452]
[3784 2106 1992  452]
[3784 2106 1992  452]
[ 963 2106 1992  452]
[3784 2106 1992  452]
[3585 2106 1992  452]
[3784 2106 1992  452]
[ 963 2106 1992  452]
[ 963 2106 1992  452]
[3784 2106 1992  452]
[3585 2106 1992  452]
[3585 2106 1992  452]
[3784 2106 1992  452]
[ 963 2106 1992  452]
[ 963 2106 1992  452]
[3585 2106 1992  452]
[3585 2106 1992  452]
[3585 2106 1992  452]
[3784 2106 1992  452]
[3784 2106 1992  452]
[ 963 2106 1992  452]
At i = 1541:
[3585 2106 1992  452]
[ 963 2106 1992  452]
[3784 2106 1992  452]
[3585 2106 1992  452]
[3784 2106 1992  452]
[3585 2106 1992  452]
[3784 2106 1992  452]
[3585 2106 1992  452]
[3784 2106 1992  452]
[3784 2106 1992  452]
[3585 2106 1992  452]
[3585 2106 1992  452]
[ 963 2106 1992  452]
[3585 2106 1992  452]
[3585 2106 1992  452]
[3784 2106 1992  452]
[3585 2106 1992  452]
[ 963 2106 1992  452]
[3784 2106 1992  452]
[ 963 2106 1992  452]
[ 963 2106 1992  452]
[3585 2106 1992  452]
[3784 2106 1992  452]
[3585 2106 1992  452]
[ 963 2106 1992  452]
[3784 2106 1992  452]
[ 963 2106 1992  452]
[ 963 2106 1992  452]
[3784 2106 1992  452]
[ 963 2106 1992  452]
[3784 2106 1992  452]
[ 963 2106 1992  452]
[ 963 2106 1992  452]
[3784 2106 1992  452]
[ 963 2106 1992  452]
[ 963 2106 1992  452]
[ 963 2106 1992  452]
[3784 2106 1992  452]
[ 963 2106 1992  452]
[ 963 2106 1992  452]
At i = 1561:
[3585 2106 1992  452]
[3585 2106 1992  452]
[ 963 2106 1992  452]
[ 963 2106 1992  452]
[ 963 2106 1992  452]
[3585 2106 1992  452]
[3585 2106 1992  452]
[ 963 2106 1992  452]
[ 963 2106 1992  452]
[3784 2106 1992  452]
[3784 2106 1992  452]
[3585 2106 1992  452]
[3784 2106 1992  452]
[3585 2106 1992  452]
[ 963 2106 1992  452]
[3585 2106 1992  452]
[3585 2106 1992  452]
[3585 2106 1992  452]
[ 963 2106 1992  452]
[ 963 2106 1992  452]
[3585 2106 1992  452]
[3585 2106 1992  452]
[3784 2106 1992  452]
[3784 2106 1992  452]
[3585 2106 1992  452]
[ 963 2106 1992  452]
[3784 2106 1992  452]
[ 963 2106 1992  452]
[ 963 2106 1992  452]
[3784 2106 1992  452]
[ 963 2106 1992  452]
[ 963 2106 1992  452]
[3585 2106 1992  452]
[3784 2106 1992  452]
[3784 2106 1992  452]
[3784 2106 1992  452]
[ 963 2106 1992  452]
[3844 2106 1992  452]
[3844 2106 1992  452]
[3844 2106 1992  452]
At i = 1581:
[3585 2106 1992  452]
[3784 2106 1992  452]
[3585 2106 1992  452]
[3784 2106 1992  452]
[3784 2106 1992  452]
[3585 2106 1992  452]
[ 963 2106 1992  452]
[3784 2106 1992  452]
[ 963 2106 1992  452]
[3585 2106 1992  452]
[3784 2106 1992  452]
[3585 2106 1992  452]
[ 963 2106 1992  452]
[ 963 2106 1992  452]
[ 963 2106 1992  452]
[3585 2106 1992  452]
[ 963 2106 1992  452]
[3784 2106 1992  452]
[3784 2106 1992  452]
[ 963 2106 1992  452]
[ 963 2106 1992  452]
[3585 2106 1992  452]
[3585 2106 1992  452]
[3585 2106 1992  452]
[3784 2106 1992  452]
[3585 2106 1992  452]
[ 963 2106 1992  452]
[3585 2106 1992  452]
[3585 2106 1992  452]
[ 963 2106 1992  452]
[ 963 2106 1992  452]
[3585 2106 1992  452]
[ 963 2106 1992  452]
[3784 2106 1992  452]
[ 963 2106 1992  452]
[3784 2106 1992  452]
[3784 2106 1992  452]
[3585 2106 1992  452]
[3784 2106 1992  452]
[ 963 2106 1992  452]
At i = 1601:
[ 963 2106 1992  452]
[3784 2106 1992  452]
[ 963 2106 1992  452]
[ 963 2106 1992  452]
[3585 2106 1992  452]
[3585 2106 1992  452]
[3585 2106 1992  452]
[3784 2106 1992  452]
[3585 2106 1992  452]
[3784 2106 1992  452]
[ 963 2106 1992  452]
[3585 2106 1992  452]
[ 963 2106 1992  452]
[3585 2106 1992  452]
[ 963 2106 1992  452]
[3585 2106 1992  452]
[3784 2106 1992  452]
[3784 2106 1992  452]
[ 963 2106 1992  452]
[ 963 2106 1992  452]
[ 963 2106 1992  452]
[3585 2106 1992  452]
[3784 2106 1992  452]
[ 963 2106 1992  452]
[ 963 2106 1992  452]
[3784 2106 1992  452]
[ 963 2106 1992  452]
[3585 2106 1992  452]
[ 963 2106 1992  452]
[3784 2106 1992  452]
[3585 2106 1992  452]
[3784 2106 1992  452]
[ 963 2106 1992  452]
[ 963 2106 1992  452]
[3784 2106 1992  452]
[3784 2106 1992  452]
[3585 2106 1992  452]
[3784 2106 1992  452]
[3844 2106 1992  452]
[7643 2106 1992  452]
At i = 1621:
[3784 2106 1992  452]
[ 963 2106 1992  452]
[ 963 2106 1992  452]
[3784 2106 1992  452]
[3784 2106 1992  452]
[3585 2106 1992  452]
[3784 2106 1992  452]
[3784 2106 1992  452]
[3784 2106 1992  452]
[ 963 2106 1992  452]
[3585 2106 1992  452]
[3784 2106 1992  452]
[3585 2106 1992  452]
[ 963 2106 1992  452]
[3784 2106 1992  452]
[3585 2106 1992  452]
[3784 2106 1992  452]
[ 963 2106 1992  452]
[ 963 2106 1992  452]
[3585 2106 1992  452]
[3784 2106 1992  452]
[ 963 2106 1992  452]
[ 963 2106 1992  452]
[3784 2106 1992  452]
[ 963 2106 1992  452]
[ 963 2106 1992  452]
[3784 2106 1992  452]
[3585 2106 1992  452]
[ 963 2106 1992  452]
[3585 2106 1992  452]
[3784 2106 1992  452]
[ 963 2106 1992  452]
[3784 2106 1992  452]
[3784 2106 1992  452]
[3784 2106 1992  452]
[3784 2106 1992  452]
[ 963 2106 1992  452]
[ 963 2106 1992  452]
[ 963 2106 1992  452]
[3844 2106 1992  452]
At i = 1641:
[3585 2106 1992  452]
[3585 2106 1992  452]
[ 963 2106 1992  452]
[3784 2106 1992  452]
[ 963 2106 1992  452]
[3585 2106 1992  452]
[3784 2106 1992  452]
[3585 2106 1992  452]
[3784 2106 1992  452]
[ 963 2106 1992  452]
[ 963 2106 1992  452]
[3784 2106 1992  452]
[3784 2106 1992  452]
[ 963 2106 1992  452]
[3784 2106 1992  452]
[3585 2106 1992  452]
[3585 2106 1992  452]
[3585 2106 1992  452]
[3784 2106 1992  452]
[3585 2106 1992  452]
[3784 2106 1992  452]
[3784 2106 1992  452]
[3784 2106 1992  452]
[3585 2106 1992  452]
[ 963 2106 1992  452]
[3784 2106 1992  452]
[3784 2106 1992  452]
[ 963 2106 1992  452]
[ 963 2106 1992  452]
[3784 2106 1992  452]
[3585 2106 1992  452]
[ 963 2106 1992  452]
[3585 2106 1992  452]
[ 963 2106 1992  452]
[ 963 2106 1992  452]
[3585 2106 1992  452]
[3585 2106 1992  452]
[ 963 2106 1992  452]
[3585 2106 1992  452]
[3784 2106 1992  452]
At i = 1661:
[3585 2106 1992  452]
[3784 2106 1992  452]
[ 963 2106 1992  452]
[3784 2106 1992  452]
[ 963 2106 1992  452]
[3784 2106 1992  452]
[3585 2106 1992  452]
[3585 2106 1992  452]
[3784 2106 1992  452]
[3585 2106 1992  452]
[3784 2106 1992  452]
[3784 2106 1992  452]
[3784 2106 1992  452]
[ 963 2106 1992  452]
[ 963 2106 1992  452]
[3585 2106 1992  452]
[3585 2106 1992  452]
[3784 2106 1992  452]
[3784 2106 1992  452]
[3784 2106 1992  452]
[3784 2106 1992  452]
[3784 2106 1992  452]
[3784 2106 1992  452]
[ 963 2106 1992  452]
[ 963 2106 1992  452]
[3784 2106 1992  452]
[ 963 2106 1992  452]
[ 963 2106 1992  452]
[ 963 2106 1992  452]
[ 963 2106 1992  452]
[ 963 2106 1992  452]
[3784 2106 1992  452]
[3585 2106 1992  452]
[3784 2106 1992  452]
[3784 2106 1992  452]
[3585 2106 1992  452]
[ 963 2106 1992  452]
[ 963 2106 1992  452]
[3784 2106 1992  452]
[7643 2106 1992  452]
At i = 1681:
[3585 2106 1992  452]
[3784 2106 1992  452]
[3784 2106 1992  452]
[ 963 2106 1992  452]
[3585 2106 1992  452]
[ 963 2106 1992  452]
[ 963 2106 1992  452]
[3585 2106 1992  452]
[ 963 2106 1992  452]
[3585 2106 1992  452]
[ 963 2106 1992  452]
[3784 2106 1992  452]
[ 963 2106 1992  452]
[ 963 2106 1992  452]
[3784 2106 1992  452]
[3585 2106 1992  452]
[3784 2106 1992  452]
[ 963 2106 1992  452]
[3585 2106 1992  452]
[ 963 2106 1992  452]
[ 963 2106 1992  452]
[3784 2106 1992  452]
[3585 2106 1992  452]
[3784 2106 1992  452]
[ 963 2106 1992  452]
[3784 2106 1992  452]
[3585 2106 1992  452]
[3585 2106 1992  452]
[3784 2106 1992  452]
[ 963 2106 1992  452]
[3585 2106 1992  452]
[3784 2106 1992  452]
[3784 2106 1992  452]
[3844 2106 1992  452]
[7643 2106 1992  452]
[7643 2106 1992  452]
[3844 2106 1992  452]
[3844 2106 1992  452]
[3844 2106 1992  452]
[3844 2106 1992  452]
At i = 1701:
[ 963 2106 1992  452]
[ 963 2106 1992  452]
[3784 2106 1992  452]
[3585 2106 1992  452]
[ 963 2106 1992  452]
[ 963 2106 1992  452]
[ 963 2106 1992  452]
[3784 2106 1992  452]
[ 963 2106 1992  452]
[3784 2106 1992  452]
[ 963 2106 1992  452]
[ 963 2106 1992  452]
[3585 2106 1992  452]
[3585 2106 1992  452]
[ 963 2106 1992  452]
[ 963 2106 1992  452]
[3585 2106 1992  452]
[3585 2106 1992  452]
[3585 2106 1992  452]
[3784 2106 1992  452]
[ 963 2106 1992  452]
[3585 2106 1992  452]
[3585 2106 1992  452]
[3784 2106 1992  452]
[ 963 2106 1992  452]
[3585 2106 1992  452]
[ 963 2106 1992  452]
[3585 2106 1992  452]
[3784 2106 1992  452]
[ 963 2106 1992  452]
[3784 2106 1992  452]
[3585 2106 1992  452]
[3784 2106 1992  452]
[ 963 2106 1992  452]
[3784 2106 1992  452]
[3784 2106 1992  452]
[3784 2106 1992  452]
[3844 2106 1992  452]
[7643 2106 1992  452]
[7643 2106 1992  452]
At i = 1721:
[3585 2106 1992  452]
[3784 2106 1992  452]
[ 963 2106 1992  452]
[ 963 2106 1992  452]
[ 963 2106 1992  452]
[ 963 2106 1992  452]
[ 963 2106 1992  452]
[ 963 2106 1992  452]
[3784 2106 1992  452]
[3784 2106 1992  452]
[ 963 2106 1992  452]
[3784 2106 1992  452]
[3585 2106 1992  452]
[ 963 2106 1992  452]
[3784 2106 1992  452]
[3784 2106 1992  452]
[3784 2106 1992  452]
[3784 2106 1992  452]
[ 963 2106 1992  452]
[3784 2106 1992  452]
[3784 2106 1992  452]
[3585 2106 1992  452]
[ 963 2106 1992  452]
[ 963 2106 1992  452]
[3585 2106 1992  452]
[3784 2106 1992  452]
[ 963 2106 1992  452]
[3784 2106 1992  452]
[3585 2106 1992  452]
[3585 2106 1992  452]
[3784 2106 1992  452]
[ 963 2106 1992  452]
[3784 2106 1992  452]
[3784 2106 1992  452]
[3784 2106 1992  452]
[ 963 2106 1992  452]
[3844 2106 1992  452]
[7643 2106 1992  452]
[3844 2106 1992  452]
[3844 2106 1992  452]
At i = 1741:
[ 963 2106 1992  452]
[3585 2106 1992  452]
[3585 2106 1992  452]
[3784 2106 1992  452]
[ 963 2106 1992  452]
[3784 2106 1992  452]
[ 963 2106 1992  452]
[ 963 2106 1992  452]
[3585 2106 1992  452]
[3784 2106 1992  452]
[3784 2106 1992  452]
[ 963 2106 1992  452]
[ 963 2106 1992  452]
[3784 2106 1992  452]
[3585 2106 1992  452]
[ 963 2106 1992  452]
[3585 2106 1992  452]
[3585 2106 1992  452]
[ 963 2106 1992  452]
[3784 2106 1992  452]
[3784 2106 1992  452]
[3585 2106 1992  452]
[3585 2106 1992  452]
[ 963 2106 1992  452]
[ 963 2106 1992  452]
[3585 2106 1992  452]
[ 963 2106 1992  452]
[3585 2106 1992  452]
[ 963 2106 1992  452]
[3585 2106 1992  452]
[3784 2106 1992  452]
[3784 2106 1992  452]
[3585 2106 1992  452]
[ 963 2106 1992  452]
[3585 2106 1992  452]
[3784 2106 1992  452]
[3784 2106 1992  452]
[3784 2106 1992  452]
[ 963 2106 1992  452]
[3844 2106 1992  452]
At i = 1761:
[ 963 2106 1992  452]
[3784 2106 1992  452]
[3784 2106 1992  452]
[ 963 2106 1992  452]
[3585 2106 1992  452]
[ 963 2106 1992  452]
[3585 2106 1992  452]
[3784 2106 1992  452]
[3784 2106 1992  452]
[ 963 2106 1992  452]
[3585 2106 1992  452]
[3784 2106 1992  452]
[ 963 2106 1992  452]
[3585 2106 1992  452]
[3784 2106 1992  452]
[3784 2106 1992  452]
[ 963 2106 1992  452]
[3784 2106 1992  452]
[3585 2106 1992  452]
[ 963 2106 1992  452]
[3784 2106 1992  452]
[3585 2106 1992  452]
[ 963 2106 1992  452]
[3784 2106 1992  452]
[3585 2106 1992  452]
[ 963 2106 1992  452]
[ 963 2106 1992  452]
[ 963 2106 1992  452]
[ 963 2106 1992  452]
[3585 2106 1992  452]
[3585 2106 1992  452]
[ 963 2106 1992  452]
[3784 2106 1992  452]
[3784 2106 1992  452]
[ 963 2106 1992  452]
[ 452 2106  963 1992]
[7643 2106 1992  452]
[7643 2106 1992  452]
[7643 2106 1992  452]
[7643 2106 1992  452]
At i = 1781:
[3784 2106 1992  452]
[3784 2106 1992  452]
[3585 2106 1992  452]
[ 963 2106 1992  452]
[3585 2106 1992  452]
[3784 2106 1992  452]
[ 963 2106 1992  452]
[3784 2106 1992  452]
[3585 2106 1992  452]
[3784 2106 1992  452]
[3585 2106 1992  452]
[3585 2106 1992  452]
[3585 2106 1992  452]
[ 963 2106 1992  452]
[3585 2106 1992  452]
[ 963 2106 1992  452]
[3585 2106 1992  452]
[ 963 2106 1992  452]
[3585 2106 1992  452]
[3784 2106 1992  452]
[3784 2106 1992  452]
[ 963 2106 1992  452]
[3784 2106 1992  452]
[3784 2106 1992  452]
[3585 2106 1992  452]
[ 963 2106 1992  452]
[3585 2106 1992  452]
[3585 2106 1992  452]
[3784 2106 1992  452]
[3585 2106 1992  452]
[ 963 2106 1992  452]
[ 963 2106 1992  452]
[3585 2106 1992  452]
[ 963 2106 1992  452]
[ 452 2106  963 1992]
[ 452 2106  963 1992]
[3844 2106 1992  452]
[3844 2106 1992  452]
[7643 2106 1992  452]
[7643 2106 1992  452]
At i = 1801:
[3784 2106 1992  452]
[3585 2106 1992  452]
[3784 2106 1992  452]
[3784 2106 1992  452]
[3585 2106 1992  452]
[3784 2106 1992  452]
[ 963 2106 1992  452]
[3784 2106 1992  452]
[3784 2106 1992  452]
[3784 2106 1992  452]
[3585 2106 1992  452]
[ 963 2106 1992  452]
[ 963 2106 1992  452]
[3585 2106 1992  452]
[3585 2106 1992  452]
[ 963 2106 1992  452]
[ 963 2106 1992  452]
[ 963 2106 1992  452]
[3784 2106 1992  452]
[ 963 2106 1992  452]
[3784 2106 1992  452]
[ 963 2106 1992  452]
[3585 2106 1992  452]
[3585 2106 1992  452]
[ 963 2106 1992  452]
[ 963 2106 1992  452]
[ 963 2106 1992  452]
[ 963 2106 1992  452]
[3784 2106 1992  452]
[3585 2106 1992  452]
[3784 2106 1992  452]
[3585 2106 1992  452]
[3585 2106 1992  452]
[3585 2106 1992  452]
[ 963 2106 1992  452]
[3585 2106 1992  452]
[3585 2106 1992  452]
[ 452 2106  963 1992]
[3844 2106 1992  452]
[7643 2106 1992  452]
At i = 1821:
[3585 2106 1992  452]
[3784 2106 1992  452]
[3784 2106 1992  452]
[3585 2106 1992  452]
[3585 2106 1992  452]
[ 963 2106 1992  452]
[ 963 2106 1992  452]
[3784 2106 1992  452]
[3585 2106 1992  452]
[3585 2106 1992  452]
[3585 2106 1992  452]
[ 963 2106 1992  452]
[3784 2106 1992  452]
[3585 2106 1992  452]
[ 963 2106 1992  452]
[3784 2106 1992  452]
[ 963 2106 1992  452]
[3784 2106 1992  452]
[3784 2106 1992  452]
[ 963 2106 1992  452]
[ 963 2106 1992  452]
[ 963 2106 1992  452]
[3585 2106 1992  452]
[ 963 2106 1992  452]
[ 963 2106 1992  452]
[ 963 2106 1992  452]
[3585 2106 1992  452]
[ 963 2106 1992  452]
[3784 2106 1992  452]
[3784 2106 1992  452]
[3585 2106 1992  452]
[3585 2106 1992  452]
[ 963 2106 1992  452]
[3585 2106 1992  452]
[ 963 2106 1992  452]
[3784 2106 1992  452]
[3784 2106 1992  452]
[3784 2106 1992  452]
[ 452 2106  963 1992]
[7643 2106 1992  452]
At i = 1841:
[ 963 2106 1992  452]
[3784 2106 1992  452]
[3585 2106 1992  452]
[3585 2106 1992  452]
[3784 2106 1992  452]
[3784 2106 1992  452]
[3784 2106 1992  452]
[3784 2106 1992  452]
[3784 2106 1992  452]
[ 963 2106 1992  452]
[ 963 2106 1992  452]
[3784 2106 1992  452]
[3585 2106 1992  452]
[ 963 2106 1992  452]
[3784 2106 1992  452]
[3585 2106 1992  452]
[3585 2106 1992  452]
[ 963 2106 1992  452]
[3585 2106 1992  452]
[3784 2106 1992  452]
[ 963 2106 1992  452]
[ 963 2106 1992  452]
[3585 2106 1992  452]
[ 963 2106 1992  452]
[3585 2106 1992  452]
[ 963 2106 1992  452]
[3585 2106 1992  452]
[3784 2106 1992  452]
[3585 2106 1992  452]
[3585 2106 1992  452]
[3585 2106 1992  452]
[3784 2106 1992  452]
[3784 2106 1992  452]
[ 963 2106 1992  452]
[3585 2106 1992  452]
[ 963 2106 1992  452]
[3784 2106 1992  452]
[3784 2106 1992  452]
[3585 2106 1992  452]
[3844 2106 1992  452]
At i = 1861:
[3784 2106 1992  452]
[3585 2106 1992  452]
[3784 2106 1992  452]
[ 963 2106 1992  452]
[3784 2106 1992  452]
[ 963 2106 1992  452]
[3585 2106 1992  452]
[ 963 2106 1992  452]
[ 963 2106 1992  452]
[ 963 2106 1992  452]
[3585 2106 1992  452]
[ 963 2106 1992  452]
[3585 2106 1992  452]
[3784 2106 1992  452]
[3784 2106 1992  452]
[3585 2106 1992  452]
[3585 2106 1992  452]
[3585 2106 1992  452]
[3585 2106 1992  452]
[3784 2106 1992  452]
[3585 2106 1992  452]
[3585 2106 1992  452]
[3585 2106 1992  452]
[ 963 2106 1992  452]
[3784 2106 1992  452]
[3784 2106 1992  452]
[3784 2106 1992  452]
[3784 2106 1992  452]
[3585 2106 1992  452]
[ 452 2106  963 1992]
[ 452 2106  963 1992]
[7643 2106 1992  452]
[3844 2106 1992  452]
[3844 2106 1992  452]
[7643 2106 1992  452]
[3844 2106 1992  452]
[7643 2106 1992  452]
[7643 2106 1992  452]
[7643 2106 1992  452]
[3844 2106 1992  452]
At i = 1881:
[ 963 2106 1992  452]
[3585 2106 1992  452]
[3784 2106 1992  452]
[3784 2106 1992  452]
[ 963 2106 1992  452]
[3585 2106 1992  452]
[ 963 2106 1992  452]
[ 963 2106 1992  452]
[ 963 2106 1992  452]
[3585 2106 1992  452]
[3585 2106 1992  452]
[3784 2106 1992  452]
[3784 2106 1992  452]
[ 963 2106 1992  452]
[3585 2106 1992  452]
[ 963 2106 1992  452]
[3784 2106 1992  452]
[3585 2106 1992  452]
[ 963 2106 1992  452]
[3585 2106 1992  452]
[ 963 2106 1992  452]
[3585 2106 1992  452]
[ 963 2106 1992  452]
[ 963 2106 1992  452]
[3784 2106 1992  452]
[ 963 2106 1992  452]
[3784 2106 1992  452]
[ 963 2106 1992  452]
[ 963 2106 1992  452]
[3585 2106 1992  452]
[ 963 2106 1992  452]
[ 963 2106 1992  452]
[ 963 2106 1992  452]
[ 963 2106 1992  452]
[ 452 2106  963 1992]
[ 452 2106  963 1992]
[3844 2106 1992  452]
[7643 2106 1992  452]
[3844 2106 1992  452]
[7643 2106 1992  452]
At i = 1901:
[ 963 2106 1992  452]
[ 963 2106 1992  452]
[3784 2106 1992  452]
[3585 2106 1992  452]
[3585 2106 1992  452]
[3784 2106 1992  452]
[3585 2106 1992  452]
[ 963 2106 1992  452]
[ 963 2106 1992  452]
[3784 2106 1992  452]
[3585 2106 1992  452]
[ 963 2106 1992  452]
[3784 2106 1992  452]
[3585 2106 1992  452]
[ 963 2106 1992  452]
[3784 2106 1992  452]
[3784 2106 1992  452]
[3585 2106 1992  452]
[3784 2106 1992  452]
[3585 2106 1992  452]
[3784 2106 1992  452]
[3585 2106 1992  452]
[ 963 2106 1992  452]
[3784 2106 1992  452]
[3585 2106 1992  452]
[3585 2106 1992  452]
[3585 2106 1992  452]
[ 963 2106 1992  452]
[ 963 2106 1992  452]
[3585 2106 1992  452]
[ 963 2106 1992  452]
[ 452 2106  963 1992]
[ 452 2106  963 1992]
[3844 2106 1992  452]
[7643 2106 1992  452]
[3844 2106 1992  452]
[7643 2106 1992  452]
[7643 2106 1992  452]
[3844 2106 1992  452]
[7643 2106 1992  452]
At i = 1921:
[ 963 2106 1992  452]
[3585 2106 1992  452]
[3784 2106 1992  452]
[ 963 2106 1992  452]
[3585 2106 1992  452]
[3585 2106 1992  452]
[3585 2106 1992  452]
[3585 2106 1992  452]
[ 963 2106 1992  452]
[ 963 2106 1992  452]
[3784 2106 1992  452]
[3585 2106 1992  452]
[3585 2106 1992  452]
[ 963 2106 1992  452]
[3585 2106 1992  452]
[3585 2106 1992  452]
[3585 2106 1992  452]
[3585 2106 1992  452]
[3585 2106 1992  452]
[3585 2106 1992  452]
[3585 2106 1992  452]
[ 963 2106 1992  452]
[3784 2106 1992  452]
[3784 2106 1992  452]
[ 963 2106 1992  452]
[3585 2106 1992  452]
[ 963 2106 1992  452]
[3585 2106 1992  452]
[3784 2106 1992  452]
[3585 2106 1992  452]
[3585 2106 1992  452]
[ 452 2106  963 1992]
[3844 2106 1992  452]
[3844 2106 1992  452]
[3844 2106 1992  452]
[3844 2106 1992  452]
[7643 2106 1992  452]
[7643 2106 1992  452]
[7643 2106 1992  452]
[7643 2106 1992  452]
At i = 1941:
[3585 2106 1992  452]
[3784 2106 1992  452]
[3585 2106 1992  452]
[3784 2106 1992  452]
[3784 2106 1992  452]
[3585 2106 1992  452]
[3784 2106 1992  452]
[ 963 2106 1992  452]
[3784 2106 1992  452]
[ 963 2106 1992  452]
[3784 2106 1992  452]
[ 963 2106 1992  452]
[ 963 2106 1992  452]
[ 963 2106 1992  452]
[ 963 2106 1992  452]
[3784 2106 1992  452]
[3585 2106 1992  452]
[3585 2106 1992  452]
[3585 2106 1992  452]
[3784 2106 1992  452]
[3585 2106 1992  452]
[3585 2106 1992  452]
[3784 2106 1992  452]
[3784 2106 1992  452]
[ 963 2106 1992  452]
[3585 2106 1992  452]
[ 963 2106 1992  452]
[3784 2106 1992  452]
[3784 2106 1992  452]
[ 963 2106 1992  452]
[ 963 2106 1992  452]
[3585 2106 1992  452]
[3585 2106 1992  452]
[ 963 2106 1992  452]
[ 963 2106 1992  452]
[3585 2106 1992  452]
[ 452 2106  963 1992]
[3844 2106 1992  452]
[7643 2106 1992  452]
[7643 2106 1992  452]
At i = 1961:
[ 963 2106 1992  452]
[ 963 2106 1992  452]
[ 963 2106 1992  452]
[ 963 2106 1992  452]
[3784 2106 1992  452]
[ 963 2106 1992  452]
[ 963 2106 1992  452]
[3784 2106 1992  452]
[ 963 2106 1992  452]
[ 963 2106 1992  452]
[3585 2106 1992  452]
[ 963 2106 1992  452]
[3784 2106 1992  452]
[3585 2106 1992  452]
[ 963 2106 1992  452]
[ 963 2106 1992  452]
[ 963 2106 1992  452]
[3784 2106 1992  452]
[3784 2106 1992  452]
[ 963 2106 1992  452]
[3784 2106 1992  452]
[ 963 2106 1992  452]
[ 963 2106 1992  452]
[ 963 2106 1992  452]
[3784 2106 1992  452]
[3784 2106 1992  452]
[3784 2106 1992  452]
[ 963 2106 1992  452]
[3784 2106 1992  452]
[ 963 2106 1992  452]
[3784 2106 1992  452]
[3585 2106 1992  452]
[3784 2106 1992  452]
[3844 2106 1992  452]
[3844 2106 1992  452]
[7643 2106 1992  452]
[7643 2106 1992  452]
[7643 2106 1992  452]
[3844 2106 1992  452]
[7643 2106 1992  452]
At i = 1981:
[ 963 2106 1992  452]
[ 963 2106 1992  452]
[ 963 2106 1992  452]
[3585 2106 1992  452]
[ 963 2106 1992  452]
[3784 2106 1992  452]
[3585 2106 1992  452]
[ 963 2106 1992  452]
[3585 2106 1992  452]
[3784 2106 1992  452]
[3585 2106 1992  452]
[3585 2106 1992  452]
[3784 2106 1992  452]
[3784 2106 1992  452]
[3784 2106 1992  452]
[3585 2106 1992  452]
[3585 2106 1992  452]
[ 963 2106 1992  452]
[3585 2106 1992  452]
[3784 2106 1992  452]
[ 963 2106 1992  452]
[3585 2106 1992  452]
[3585 2106 1992  452]
[3585 2106 1992  452]
[3784 2106 1992  452]
[3784 2106 1992  452]
[3585 2106 1992  452]
[3585 2106 1992  452]
[ 963 2106 1992  452]
[3585 2106 1992  452]
[3585 2106 1992  452]
[3585 2106 1992  452]
[ 963 2106 1992  452]
[ 452 2106  963 1992]
[ 452 2106  963 1992]
[7643 2106 1992  452]
[3844 2106 1992  452]
[3844 2106 1992  452]
[3844 2106 1992  452]
[3844 2106 1992  452]
At i = 2001:
[ 963 2106 1992  452]
[3784 2106 1992  452]
[ 963 2106 1992  452]
[ 963 2106 1992  452]
[3784 2106 1992  452]
[3784 2106 1992  452]
[ 963 2106 1992  452]
[3585 2106 1992  452]
[3784 2106 1992  452]
[3585 2106 1992  452]
[ 963 2106 1992  452]
[3585 2106 1992  452]
[3585 2106 1992  452]
[3784 2106 1992  452]
[3585 2106 1992  452]
[ 963 2106 1992  452]
[3585 2106 1992  452]
[3585 2106 1992  452]
[ 963 2106 1992  452]
[3784 2106 1992  452]
[ 963 2106 1992  452]
[ 963 2106 1992  452]
[3784 2106 1992  452]
[3585 2106 1992  452]
[3585 2106 1992  452]
[ 963 2106 1992  452]
[3784 2106 1992  452]
[ 963 2106 1992  452]
[3784 2106 1992  452]
[3784 2106 1992  452]
[ 452 2106  963 1992]
[ 452 2106  963 1992]
[7643 2106 1992  452]
[7643 2106 1992  452]
[3844 2106 1992  452]
[3844 2106 1992  452]
[7643 2106 1992  452]
[3844 2106 1992  452]
[3844 2106 1992  452]
[7643 2106 1992  452]
At i = 2021:
[3585 2106 1992  452]
[3784 2106 1992  452]
[3784 2106 1992  452]
[3784 2106 1992  452]
[3585 2106 1992  452]
[3784 2106 1992  452]
[3585 2106 1992  452]
[3784 2106 1992  452]
[3784 2106 1992  452]
[3784 2106 1992  452]
[3585 2106 1992  452]
[3784 2106 1992  452]
[ 963 2106 1992  452]
[3784 2106 1992  452]
[3585 2106 1992  452]
[3585 2106 1992  452]
[ 963 2106 1992  452]
[3585 2106 1992  452]
[ 963 2106 1992  452]
[3784 2106 1992  452]
[3784 2106 1992  452]
[ 963 2106 1992  452]
[3784 2106 1992  452]
[3585 2106 1992  452]
[3585 2106 1992  452]
[ 963 2106 1992  452]
[3784 2106 1992  452]
[ 963 2106 1992  452]
[ 963 2106 1992  452]
[ 452 2106  963 1992]
[7643 2106 1992  452]
[7643 2106 1992  452]
[7643 2106 1992  452]
[7643 2106 1992  452]
[3844 2106 1992  452]
[3844 2106 1992  452]
[3844 2106 1992  452]
[7643 2106 1992  452]
[7643 2106 1992  452]
[7643 2106 1992  452]
At i = 2041:
[3585 2106 1992  452]
[3585 2106 1992  452]
[ 963 2106 1992  452]
[3585 2106 1992  452]
[ 963 2106 1992  452]
[3585 2106 1992  452]
[3784 2106 1992  452]
[ 963 2106 1992  452]
[ 963 2106 1992  452]
[ 963 2106 1992  452]
[3784 2106 1992  452]
[3585 2106 1992  452]
[3585 2106 1992  452]
[3784 2106 1992  452]
[3784 2106 1992  452]
[ 963 2106 1992  452]
[3585 2106 1992  452]
[3784 2106 1992  452]
[3585 2106 1992  452]
[3784 2106 1992  452]
[3585 2106 1992  452]
[3784 2106 1992  452]
[ 963 2106 1992  452]
[ 963 2106 1992  452]
[3784 2106 1992  452]
[3784 2106 1992  452]
[ 963 2106 1992  452]
[3585 2106 1992  452]
[ 963 2106 1992  452]
[3585 2106 1992  452]
[ 963 2106 1992  452]
[3585 2106 1992  452]
[3784 2106 1992  452]
[ 963 2106 1992  452]
[3784 2106 1992  452]
[3585 2106 1992  452]
[3784 2106 1992  452]
[3585 2106 1992  452]
[3844 2106 1992  452]
[7643 2106 1992  452]
At i = 2061:
[ 963 2106 1992  452]
[3585 2106 1992  452]
[3784 2106 1992  452]
[3784 2106 1992  452]
[ 963 2106 1992  452]
[3784 2106 1992  452]
[3784 2106 1992  452]
[ 963 2106 1992  452]
[ 963 2106 1992  452]
[3784 2106 1992  452]
[ 963 2106 1992  452]
[3784 2106 1992  452]
[ 963 2106 1992  452]
[ 963 2106 1992  452]
[3585 2106 1992  452]
[3784 2106 1992  452]
[ 963 2106 1992  452]
[3585 2106 1992  452]
[ 963 2106 1992  452]
[3585 2106 1992  452]
[ 963 2106 1992  452]
[3784 2106 1992  452]
[ 963 2106 1992  452]
[3585 2106 1992  452]
[3784 2106 1992  452]
[3585 2106 1992  452]
[3784 2106 1992  452]
[3585 2106 1992  452]
[3784 2106 1992  452]
[3784 2106 1992  452]
[3784 2106 1992  452]
[ 452 2106  963 1992]
[ 452 2106  963 1992]
[ 452 2106  963 1992]
[7643 2106 1992  452]
[7643 2106 1992  452]
[7643 2106 1992  452]
[3844 2106 1992  452]
[7643 2106 1992  452]
[7643 2106 1992  452]
