At i = 1:
0.8515904553722957
0.8003239434124206
0.7974404746946646
0.7961293221975237
0.7959867317454598
0.7944832392448713
0.7941457484555994
0.7940909831464789
0.7939011485042966
0.7914277757314216
0.791288602071068
0.7908718141549627
0.789025602705416
0.7829916065068169
0.7825315000159984
0.7762869027689074
0.7761843794994172
0.7740724767854814
0.773836594526915
0.7697620904955788
0.7687666664726893
0.7657801369053138
0.7654404020277911
0.7588357069377604
0.7578800335731419
0.7531560260923589
0.7518613935144277
0.751479120881476
0.7505102104312951
0.7504824849493394
0.7498977803551972
0.7481731418127836
0.746765965884919
0.7452164127747177
0.7450181154914827
0.7443733124390973
0.7437878985437373
0.741938558628253
0.7411719898061393
0.7405729965808001
0.7402740230656548
0.7397661301153668
At i = 21:
0.8690016849457747
0.8681588404316999
0.8575082982968761
0.8537066958441762
0.8526884251537103
0.8522151064293738
0.8520103009301128
0.8515904553722957
0.8515513264528302
0.8481166933400769
0.8467654407131306
0.8456724692632003
0.8445420619949627
0.8439527242070816
0.843912377493269
0.8415538350741948
0.8414432216713357
0.840222929592741
0.8379617585711943
0.8366505941963555
0.8352402615288033
0.8349412142239919
0.8336205284135184
0.8333101094924478
0.8311749485036036
0.829978488803179
0.8299380153644041
0.8297627585437565
0.8293184667820992
0.8276342234024893
0.8268331137267958
0.8263144489203949
0.8258470550801504
0.8256472967475517
0.8254985800719807
0.8253483100014497
0.8251866587734933
0.8234946168532966
0.823105236682084
0.8228542134731752
0.8221690412132903
0.8216515560163534
At i = 41:
0.9017485666777371
0.9008649767190876
0.8992606974347518
0.8915648154251176
0.8876830800601325
0.8873606214663691
0.8872541789442318
0.8871899172049209
0.8845623645910375
0.8820681203957995
0.881924360855564
0.879757486994097
0.8768448497877381
0.8765575009383927
0.8760925498255836
0.8748047276862948
0.8747350775217757
0.8745500002395297
0.8741293293650515
0.8732164373416198
0.8729490494553251
0.87256358270473
0.8720147031508264
0.8712202770435009
0.8690016849457747
0.8689615039994563
0.8681588404316999
0.8668996424427621
0.8667841206934607
0.8661884489734046
0.8659571092827782
0.8659560770599128
0.8656037355294952
0.864859524608928
0.8643313035623784
0.8641728369520937
0.8625164804934121
0.8622357831174114
0.8614549904563615
0.8610855088659451
0.860957196378651
0.8600902586750195
At i = 61:
0.9358643274985108
0.9256247853404839
0.9244655796439829
0.9238795325112866
0.921978119276477
0.9204575291592408
0.9189628096985311
0.9188884916696567
0.9174127490121208
0.9157084348350514
0.9145014073393739
0.913227140879358
0.9116328532540214
0.9103963275468866
0.9103241507629275
0.9096767139630468
0.9093230371114613
0.9091974628361348
0.9089236485897166
0.9072316908757254
0.9063449851338045
0.9062631131553666
0.9061576082635855
0.9048646875040914
0.9045838558784087
0.9044134396494792
0.9043445719851408
0.9039209891041547
0.9024914905932762
0.9023899087929245
0.9020727625776684
0.9019069501739309
0.9017485666777371
0.9015313464332464
0.9008649767190876
0.9006482367744235
0.9005431457227259
0.9002527400181901
0.9001447218504621
0.8996439388831085
0.8992606974347518
0.8992529677062588
At i = 81:
0.9449923992993778
0.9449871115234485
0.9415690512592513
0.9406398835863137
0.9358643274985108
0.9344685030890124
0.9339488310944648
0.9335882392405139
0.9335667386080081
0.9327656123138297
0.9313383773595466
0.9307374811698803
0.9306640555590213
0.9304533612431736
0.9304297255374636
0.9300952154870911
0.9299184651024478
0.929035581847289
0.9281610861292572
0.9281156957344455
0.9276439674491197
0.9272900538648763
0.9272354987834492
0.9271992562293052
0.926776695296637
0.9265596701266531
0.9263473885054664
0.9261242066583055
0.9256247853404839
0.9256041115781412
0.9252937418022421
0.9251040692968617
0.9250256337760122
0.9248809760706771
0.9246213127000068
0.9245716379799482
0.9245106448052783
0.92449832928734
0.9244655796439829
0.9243616465627256
0.9242995213570311
0.9238795325112866
At i = 101:
0.9547029321090131
0.9509651100820017
0.9476057385886225
0.9467489610338482
0.9463910817402645
0.9456100626544078
0.9449923992993778
0.9449871115234485
0.9429577600646669
0.9428108809534277
0.9421749319090591
0.9421190440543971
0.9419355700147684
0.9415690512592513
0.9414106679561791
0.9406398835863137
0.9400733536785474
0.9399271128685207
0.9395628500768723
0.9395617829199487
0.9390507300231066
0.9390098983767187
0.9386242885173905
0.9368984358886274
0.9367269646996772
0.9366823249319949
0.9359066629977885
0.9358643274985108
0.9354616079168598
0.9349097128258085
0.9346488352203056
0.9345659285359549
0.9344685030890124
0.9344486597370875
0.9340510952483597
0.9339488310944648
0.9336958508907727
0.9335882392405139
0.9335667386080081
0.9335648248112169
0.9331432547959944
0.9327656123138297
At i = 121:
0.9585399881692725
0.9564971765919007
0.9547029321090131
0.9544331427124585
0.9519133462976017
0.9509651100820017
0.9476057385886225
0.9467489610338482
0.9463910817402645
0.9456100626544078
0.9449923992993778
0.9449871115234485
0.9447230859803889
0.9445369679609279
0.9442861251561887
0.9429577600646669
0.9428108809534277
0.9421749319090591
0.9421190440543971
0.9419355700147684
0.9415690512592513
0.941413069422998
0.9414106679561791
0.941387014905089
0.941232947798708
0.9411322010978524
0.9406398835863137
0.9400733536785474
0.9399271128685207
0.9395628500768723
0.9395617829199487
0.939543089278963
0.9395400098940383
0.9394516319534887
0.9390507300231066
0.9390098983767187
0.9386470928267717
0.9386242885173905
0.9382629537917461
0.9380221479694857
0.9377480559026082
0.9372994098739512
At i = 141:
0.9608286726787413
0.9600004654482053
0.9585399881692725
0.9564971765919007
0.9561716865640055
0.9547029321090131
0.9544331427124585
0.9519133462976017
0.9509651100820017
0.9492741597769921
0.9481525305466625
0.9476057385886225
0.9474954165680346
0.9468422572047486
0.9467489610338482
0.9463910817402645
0.9461606931488651
0.9457045586959647
0.9456100626544078
0.9451551551411819
0.9449923992993778
0.9449871115234485
0.9447230859803889
0.9445369679609279
0.9442861251561887
0.9442159092139243
0.9437708543644712
0.9437059614282073
0.9436478239756456
0.9429712233858993
0.9429577600646669
0.9428108809534277
0.9423392910937505
0.9421749319090591
0.9421190440543971
0.9419355700147684
0.9417130013098887
0.9416749495599139
0.9415690512592513
0.941413069422998
0.9414106679561791
0.941387014905089
At i = 161:
0.9616512585091536
0.9614835802200716
0.9614835802200716
0.9608286726787413
0.9606905256962248
0.9600004654482053
0.9585399881692725
0.9564971765919007
0.9561716865640055
0.9549034839948611
0.9547279994654438
0.9547029321090131
0.9544331427124585
0.9540430869569275
0.9533114308659447
0.9519133462976017
0.9511011126944099
0.9509651100820017
0.950330795609478
0.9502506200556902
0.9501124773038319
0.9500150254121397
0.9499398006204942
0.9492741597769921
0.9481525305466625
0.9480269021356157
0.9476845783924824
0.9476845783924823
0.9476845783924823
0.9476057385886225
0.9474954165680346
0.9468699876515164
0.9468422572047486
0.946825837276968
0.9467489610338482
0.9467178733878073
0.9463910817402645
0.9461606931488651
0.9457045586959649
0.9457045586959647
0.9457040023828478
0.9456169686911994
At i = 181:
0.9811887005775758
0.9669541142234072
0.9638451973306879
0.9631028371372935
0.9631028371372934
0.962851346301369
0.9624534992619602
0.9619337872198235
0.9616512585091536
0.9614835802200716
0.9614835802200716
0.9608286726787413
0.9606905256962248
0.9604909148692091
0.9600004654482053
0.9585399881692733
0.9585399881692725
0.9575376024918498
0.9564971765919007
0.9561716865640055
0.9557761344539426
0.9555973770470969
0.9549034839948611
0.9547279994654438
0.9547029321090131
0.9544331427124585
0.9543017018959947
0.9543017018959947
0.9540430869569275
0.9533114308659447
0.9526629720113993
0.9526629720113987
0.9523304739326122
0.9523304739326122
0.9519133462976017
0.9511011126944099
0.9509651100820017
0.9504893113672085
0.950330795609478
0.950330795609478
0.9502506200556902
0.9502506200556902
At i = 201:
0.990121511756933
0.9901215117569329
0.9901215117569329
0.986504809031153
0.9811887005775758
0.9767092551065661
0.976709255106566
0.976709255106566
0.9767092551065658
0.9736210374821338
0.9732951199884203
0.9714227916054771
0.9714227916054771
0.9714227916054768
0.9712918875203168
0.9705368299253727
0.9705368299253727
0.9697230334896209
0.9697230334896209
0.9690848555681091
0.9682349692570252
0.9682341930170127
0.9682341930170127
0.9682341930170126
0.9678385723824772
0.9678385723824771
0.9678385723824767
0.9674277521821217
0.9669541142234072
0.9669420102888113
0.9668144598525891
0.966814459852589
0.9659940906208807
0.9659940906208807
0.9659940906208805
0.9659940906208804
0.96571082734184
0.9656071231355233
0.9656071231355231
0.9656071231355231
0.9656071231355229
0.9656071231355229
At i = 221:
0.990121511756933
0.990121511756933
0.9901215117569329
0.9901215117569329
0.9901215117569326
0.9901215117569326
0.9901215117569326
0.986504809031153
0.9811887005775759
0.9811887005775759
0.9811887005775759
0.9811887005775758
0.9811887005775758
0.9811887005775756
0.9777181801569302
0.9767092551065661
0.9767092551065661
0.9767092551065661
0.976709255106566
0.976709255106566
0.976709255106566
0.976709255106566
0.9767092551065658
0.9767092551065658
0.9767092551065658
0.9746713378206596
0.9746713378206595
0.9736210374821338
0.9736210374821338
0.9736210374821338
0.9736210374821338
0.9736210374821338
0.9736210374821338
0.9736210374821338
0.9732951199884203
0.9732951199884203
0.9732951199884203
0.9732951199884203
0.9732951199884203
0.9732951199884203
0.9722242834140383
At i = 241:
0.990121511756933
0.990121511756933
0.9901215117569329
0.9901215117569329
0.9901215117569329
0.9901215117569326
0.9901215117569326
0.9901215117569326
0.9901215117569326
0.986504809031153
0.9811887005775759
0.9811887005775759
0.9811887005775759
0.9811887005775759
0.9811887005775759
0.9811887005775759
0.9811887005775759
0.9811887005775758
0.9811887005775758
0.9811887005775758
0.9811887005775758
0.9811887005775758
0.9811887005775758
0.9811887005775756
0.9811887005775756
0.9777181801569302
0.9777181801569302
0.9767092551065661
0.9767092551065661
0.9767092551065661
0.9767092551065661
0.9767092551065661
0.976709255106566
0.976709255106566
0.976709255106566
0.976709255106566
0.976709255106566
0.976709255106566
0.976709255106566
0.976709255106566
At i = 261:
0.990121511756933
0.990121511756933
0.990121511756933
0.990121511756933
0.9901215117569329
0.9901215117569329
0.9901215117569329
0.9901215117569329
0.9901215117569326
0.9901215117569326
0.9901215117569326
0.9901215117569326
0.9901215117569326
0.9901215117569326
0.9901215117569326
0.9901215117569326
0.986504809031153
0.986504809031153
0.986504809031153
0.9811887005775759
0.9811887005775759
0.9811887005775759
0.9811887005775759
0.9811887005775759
0.9811887005775759
0.9811887005775759
0.9811887005775759
0.9811887005775759
0.9811887005775759
0.9811887005775759
0.9811887005775759
0.9811887005775759
0.9811887005775758
0.9811887005775758
0.9811887005775758
0.9811887005775758
0.9811887005775758
0.9811887005775758
0.9811887005775758
0.9811887005775758
At i = 281:
0.990121511756933
0.990121511756933
0.990121511756933
0.990121511756933
0.9901215117569329
0.9901215117569329
0.9901215117569329
0.9901215117569329
0.9901215117569326
0.9901215117569326
0.9901215117569326
0.9901215117569326
0.9901215117569326
0.9901215117569326
0.9901215117569326
0.9901215117569326
0.9901215117569326
0.986504809031153
0.986504809031153
0.986504809031153
0.986504809031153
0.9811887005775759
0.9811887005775759
0.9811887005775759
0.9811887005775759
0.9811887005775759
0.9811887005775759
0.9811887005775759
0.9811887005775759
0.9811887005775759
0.9811887005775759
0.9811887005775759
0.9811887005775759
0.9811887005775759
0.9811887005775759
0.9811887005775759
0.9811887005775759
0.9811887005775759
0.9811887005775759
0.9811887005775759
0.9811887005775759
0.9811887005775758
At i = 301:
0.990121511756933
0.990121511756933
0.990121511756933
0.990121511756933
0.990121511756933
0.990121511756933
0.9901215117569329
0.9901215117569329
0.9901215117569329
0.9901215117569329
0.9901215117569329
0.9901215117569326
0.9901215117569326
0.9901215117569326
0.9901215117569326
0.9901215117569326
0.9901215117569326
0.9901215117569326
0.9901215117569326
0.9901215117569326
0.9901215117569326
0.9901215117569326
0.9901215117569326
0.986504809031153
0.986504809031153
0.986504809031153
0.986504809031153
0.986504809031153
0.9811887005775759
0.9811887005775759
0.9811887005775759
0.9811887005775759
0.9811887005775759
0.9811887005775759
0.9811887005775759
0.9811887005775759
0.9811887005775759
0.9811887005775759
0.9811887005775759
0.9811887005775759
0.9811887005775759
0.9777181801569302
At i = 321:
0.990121511756933
0.990121511756933
0.990121511756933
0.990121511756933
0.990121511756933
0.990121511756933
0.990121511756933
0.9901215117569329
0.9901215117569329
0.9901215117569329
0.9901215117569329
0.9901215117569329
0.9901215117569326
0.9901215117569326
0.9901215117569326
0.9901215117569326
0.9901215117569326
0.9901215117569326
0.9901215117569326
0.9901215117569326
0.9901215117569326
0.9901215117569326
0.9901215117569326
0.9901215117569326
0.9901215117569326
0.9901215117569326
0.9901215117569326
0.986504809031153
0.986504809031153
0.986504809031153
0.986504809031153
0.986504809031153
0.986504809031153
0.986504809031153
0.986504809031153
0.986504809031153
0.9811887005775759
0.9811887005775759
0.9811887005775759
0.9811887005775759
0.9811887005775759
0.9811887005775759
At i = 341:
0.990121511756933
0.990121511756933
0.990121511756933
0.990121511756933
0.990121511756933
0.990121511756933
0.990121511756933
0.990121511756933
0.9901215117569329
0.9901215117569329
0.9901215117569329
0.9901215117569329
0.9901215117569329
0.9901215117569326
0.9901215117569326
0.9901215117569326
0.9901215117569326
0.9901215117569326
0.9901215117569326
0.9901215117569326
0.9901215117569326
0.9901215117569326
0.9901215117569326
0.9901215117569326
0.9901215117569326
0.9901215117569326
0.9901215117569326
0.9901215117569326
0.9901215117569326
0.9901215117569326
0.9901215117569326
0.986504809031153
0.986504809031153
0.986504809031153
0.986504809031153
0.986504809031153
0.986504809031153
0.986504809031153
0.986504809031153
0.986504809031153
0.986504809031153
0.9811887005775758
At i = 361:
0.990121511756933
0.990121511756933
0.990121511756933
0.990121511756933
0.990121511756933
0.990121511756933
0.990121511756933
0.990121511756933
0.990121511756933
0.9901215117569329
0.9901215117569329
0.9901215117569329
0.9901215117569329
0.9901215117569329
0.9901215117569326
0.9901215117569326
0.9901215117569326
0.9901215117569326
0.9901215117569326
0.9901215117569326
0.9901215117569326
0.9901215117569326
0.9901215117569326
0.9901215117569326
0.9901215117569326
0.9901215117569326
0.9901215117569326
0.9901215117569326
0.9901215117569326
0.9901215117569326
0.9901215117569326
0.9901215117569326
0.9901215117569326
0.9901215117569326
0.9901215117569326
0.986504809031153
0.986504809031153
0.986504809031153
0.986504809031153
0.986504809031153
0.9811887005775759
0.9811887005775759
At i = 381:
0.990121511756933
0.990121511756933
0.990121511756933
0.990121511756933
0.990121511756933
0.990121511756933
0.990121511756933
0.990121511756933
0.990121511756933
0.9901215117569329
0.9901215117569329
0.9901215117569329
0.9901215117569329
0.9901215117569329
0.9901215117569326
0.9901215117569326
0.9901215117569326
0.9901215117569326
0.9901215117569326
0.9901215117569326
0.9901215117569326
0.9901215117569326
0.9901215117569326
0.9901215117569326
0.9901215117569326
0.9901215117569326
0.9901215117569326
0.9901215117569326
0.9901215117569326
0.9901215117569326
0.9901215117569326
0.9901215117569326
0.9901215117569326
0.9901215117569326
0.9901215117569326
0.9901215117569326
0.9901215117569326
0.986504809031153
0.986504809031153
0.986504809031153
0.986504809031153
0.986504809031153
At i = 401:
0.990121511756933
0.990121511756933
0.990121511756933
0.990121511756933
0.990121511756933
0.990121511756933
0.990121511756933
0.990121511756933
0.990121511756933
0.990121511756933
0.9901215117569329
0.9901215117569329
0.9901215117569329
0.9901215117569329
0.9901215117569329
0.9901215117569326
0.9901215117569326
0.9901215117569326
0.9901215117569326
0.9901215117569326
0.9901215117569326
0.9901215117569326
0.9901215117569326
0.9901215117569326
0.9901215117569326
0.9901215117569326
0.9901215117569326
0.9901215117569326
0.9901215117569326
0.9901215117569326
0.9901215117569326
0.9901215117569326
0.9901215117569326
0.9901215117569326
0.9901215117569326
0.9901215117569326
0.9901215117569326
0.9901215117569326
0.9901215117569326
0.986504809031153
0.986504809031153
0.9811887005775758
At i = 421:
0.990121511756933
0.990121511756933
0.990121511756933
0.990121511756933
0.990121511756933
0.990121511756933
0.990121511756933
0.990121511756933
0.990121511756933
0.990121511756933
0.990121511756933
0.990121511756933
0.990121511756933
0.9901215117569329
0.9901215117569329
0.9901215117569329
0.9901215117569329
0.9901215117569329
0.9901215117569326
0.9901215117569326
0.9901215117569326
0.9901215117569326
0.9901215117569326
0.9901215117569326
0.9901215117569326
0.9901215117569326
0.9901215117569326
0.9901215117569326
0.9901215117569326
0.9901215117569326
0.9901215117569326
0.9901215117569326
0.9901215117569326
0.9901215117569326
0.9901215117569326
0.9901215117569326
0.9901215117569326
0.9901215117569326
0.9901215117569326
0.9901215117569326
0.9901215117569326
0.9901215117569326
At i = 441:
0.990121511756933
0.990121511756933
0.990121511756933
0.990121511756933
0.990121511756933
0.990121511756933
0.990121511756933
0.990121511756933
0.990121511756933
0.990121511756933
0.990121511756933
0.990121511756933
0.990121511756933
0.990121511756933
0.990121511756933
0.990121511756933
0.9901215117569329
0.9901215117569329
0.9901215117569329
0.9901215117569329
0.9901215117569329
0.9901215117569329
0.9901215117569326
0.9901215117569326
0.9901215117569326
0.9901215117569326
0.9901215117569326
0.9901215117569326
0.9901215117569326
0.9901215117569326
0.9901215117569326
0.9901215117569326
0.9901215117569326
0.9901215117569326
0.9901215117569326
0.9901215117569326
0.9901215117569326
0.9901215117569326
0.9901215117569326
0.9901215117569326
0.9901215117569326
0.9901215117569326
At i = 461:
0.990121511756933
0.990121511756933
0.990121511756933
0.990121511756933
0.990121511756933
0.990121511756933
0.990121511756933
0.990121511756933
0.990121511756933
0.990121511756933
0.990121511756933
0.990121511756933
0.990121511756933
0.990121511756933
0.990121511756933
0.990121511756933
0.990121511756933
0.990121511756933
0.990121511756933
0.990121511756933
0.990121511756933
0.990121511756933
0.9901215117569329
0.9901215117569329
0.9901215117569329
0.9901215117569329
0.9901215117569329
0.9901215117569329
0.9901215117569326
0.9901215117569326
0.9901215117569326
0.9901215117569326
0.9901215117569326
0.9901215117569326
0.9901215117569326
0.9901215117569326
0.9901215117569326
0.9901215117569326
0.9901215117569326
0.9901215117569326
0.9901215117569326
0.986504809031153
At i = 481:
0.990121511756933
0.990121511756933
0.990121511756933
0.990121511756933
0.990121511756933
0.990121511756933
0.990121511756933
0.990121511756933
0.990121511756933
0.990121511756933
0.990121511756933
0.990121511756933
0.990121511756933
0.990121511756933
0.990121511756933
0.990121511756933
0.990121511756933
0.990121511756933
0.990121511756933
0.990121511756933
0.990121511756933
0.990121511756933
0.990121511756933
0.990121511756933
0.9901215117569329
0.9901215117569329
0.9901215117569329
0.9901215117569329
0.9901215117569329
0.9901215117569329
0.9901215117569326
0.9901215117569326
0.9901215117569326
0.9901215117569326
0.9901215117569326
0.9901215117569326
0.9901215117569326
0.9901215117569326
0.9901215117569326
0.9901215117569326
0.9811887005775759
0.9811887005775759
At i = 501:
0.990121511756933
0.990121511756933
0.990121511756933
0.990121511756933
0.990121511756933
0.990121511756933
0.990121511756933
0.990121511756933
0.990121511756933
0.990121511756933
0.990121511756933
0.990121511756933
0.990121511756933
0.990121511756933
0.990121511756933
0.990121511756933
0.990121511756933
0.990121511756933
0.990121511756933
0.990121511756933
0.990121511756933
0.990121511756933
0.990121511756933
0.990121511756933
0.990121511756933
0.990121511756933
0.9901215117569329
0.9901215117569329
0.9901215117569329
0.9901215117569329
0.9901215117569329
0.9901215117569329
0.9901215117569326
0.9901215117569326
0.9901215117569326
0.9901215117569326
0.9901215117569326
0.9901215117569326
0.9901215117569326
0.9901215117569326
0.9901215117569326
0.9901215117569326
At i = 521:
0.990121511756933
0.990121511756933
0.990121511756933
0.990121511756933
0.990121511756933
0.990121511756933
0.990121511756933
0.990121511756933
0.990121511756933
0.990121511756933
0.990121511756933
0.990121511756933
0.990121511756933
0.990121511756933
0.990121511756933
0.990121511756933
0.990121511756933
0.990121511756933
0.990121511756933
0.990121511756933
0.990121511756933
0.990121511756933
0.990121511756933
0.990121511756933
0.990121511756933
0.990121511756933
0.990121511756933
0.990121511756933
0.990121511756933
0.990121511756933
0.990121511756933
0.990121511756933
0.990121511756933
0.9901215117569329
0.9901215117569329
0.9901215117569329
0.9901215117569329
0.9901215117569329
0.9901215117569329
0.9901215117569326
0.9767092551065658
0.9736210374821338
At i = 541:
0.990121511756933
0.990121511756933
0.990121511756933
0.990121511756933
0.990121511756933
0.990121511756933
0.990121511756933
0.990121511756933
0.990121511756933
0.990121511756933
0.990121511756933
0.990121511756933
0.990121511756933
0.990121511756933
0.990121511756933
0.990121511756933
0.990121511756933
0.990121511756933
0.990121511756933
0.990121511756933
0.990121511756933
0.990121511756933
0.990121511756933
0.990121511756933
0.990121511756933
0.990121511756933
0.990121511756933
0.990121511756933
0.990121511756933
0.990121511756933
0.990121511756933
0.990121511756933
0.990121511756933
0.990121511756933
0.990121511756933
0.990121511756933
0.990121511756933
0.990121511756933
0.990121511756933
0.9901215117569326
0.9777181801569303
0.9767092551065661
At i = 561:
0.990121511756933
0.990121511756933
0.990121511756933
0.990121511756933
0.990121511756933
0.990121511756933
0.990121511756933
0.990121511756933
0.990121511756933
0.990121511756933
0.990121511756933
0.990121511756933
0.990121511756933
0.990121511756933
0.990121511756933
0.990121511756933
0.990121511756933
0.990121511756933
0.990121511756933
0.990121511756933
0.990121511756933
0.990121511756933
0.990121511756933
0.990121511756933
0.990121511756933
0.990121511756933
0.990121511756933
0.990121511756933
0.990121511756933
0.990121511756933
0.990121511756933
0.990121511756933
0.990121511756933
0.990121511756933
0.990121511756933
0.990121511756933
0.990121511756933
0.990121511756933
0.990121511756933
0.9901215117569326
0.9777181801569302
At i = 581:
0.990121511756933
0.990121511756933
0.990121511756933
0.990121511756933
0.990121511756933
0.990121511756933
0.990121511756933
0.990121511756933
0.990121511756933
0.990121511756933
0.990121511756933
0.990121511756933
0.990121511756933
0.990121511756933
0.990121511756933
0.990121511756933
0.990121511756933
0.990121511756933
0.990121511756933
0.990121511756933
0.990121511756933
0.990121511756933
0.990121511756933
0.990121511756933
0.990121511756933
0.990121511756933
0.990121511756933
0.990121511756933
0.990121511756933
0.990121511756933
0.990121511756933
0.990121511756933
0.990121511756933
0.990121511756933
0.990121511756933
0.990121511756933
0.990121511756933
0.990121511756933
0.990121511756933
0.990121511756933
0.9901215117569326
0.9901215117569326
At i = 601:
0.990121511756933
0.990121511756933
0.990121511756933
0.990121511756933
0.990121511756933
0.990121511756933
0.990121511756933
0.990121511756933
0.990121511756933
0.990121511756933
0.990121511756933
0.990121511756933
0.990121511756933
0.990121511756933
0.990121511756933
0.990121511756933
0.990121511756933
0.990121511756933
0.990121511756933
0.990121511756933
0.990121511756933
0.990121511756933
0.990121511756933
0.990121511756933
0.990121511756933
0.990121511756933
0.990121511756933
0.990121511756933
0.990121511756933
0.990121511756933
0.990121511756933
0.990121511756933
0.990121511756933
0.990121511756933
0.990121511756933
0.990121511756933
0.990121511756933
0.990121511756933
0.9901215117569326
0.9901215117569326
0.9811887005775759
0.9777181801569303
At i = 621:
0.990121511756933
0.990121511756933
0.990121511756933
0.990121511756933
0.990121511756933
0.990121511756933
0.990121511756933
0.990121511756933
0.990121511756933
0.990121511756933
0.990121511756933
0.990121511756933
0.990121511756933
0.990121511756933
0.990121511756933
0.990121511756933
0.990121511756933
0.990121511756933
0.990121511756933
0.990121511756933
0.990121511756933
0.990121511756933
0.990121511756933
0.990121511756933
0.990121511756933
0.990121511756933
0.990121511756933
0.990121511756933
0.990121511756933
0.990121511756933
0.990121511756933
0.990121511756933
0.990121511756933
0.990121511756933
0.990121511756933
0.990121511756933
0.990121511756933
0.990121511756933
0.990121511756933
0.9901215117569326
0.986504809031153
0.9811887005775758
At i = 641:
0.990121511756933
0.990121511756933
0.990121511756933
0.990121511756933
0.990121511756933
0.990121511756933
0.990121511756933
0.990121511756933
0.990121511756933
0.990121511756933
0.990121511756933
0.990121511756933
0.990121511756933
0.990121511756933
0.990121511756933
0.990121511756933
0.990121511756933
0.990121511756933
0.990121511756933
0.990121511756933
0.990121511756933
0.990121511756933
0.990121511756933
0.990121511756933
0.990121511756933
0.990121511756933
0.990121511756933
0.990121511756933
0.990121511756933
0.990121511756933
0.990121511756933
0.990121511756933
0.990121511756933
0.990121511756933
0.990121511756933
0.990121511756933
0.990121511756933
0.990121511756933
0.9901215117569326
0.9901215117569326
0.9811887005775759
0.9811887005775758
At i = 661:
0.990121511756933
0.990121511756933
0.990121511756933
0.990121511756933
0.990121511756933
0.990121511756933
0.990121511756933
0.990121511756933
0.990121511756933
0.990121511756933
0.990121511756933
0.990121511756933
0.990121511756933
0.990121511756933
0.990121511756933
0.990121511756933
0.990121511756933
0.990121511756933
0.990121511756933
0.990121511756933
0.990121511756933
0.990121511756933
0.990121511756933
0.990121511756933
0.990121511756933
0.990121511756933
0.990121511756933
0.990121511756933
0.990121511756933
0.990121511756933
0.990121511756933
0.990121511756933
0.990121511756933
0.990121511756933
0.990121511756933
0.990121511756933
0.990121511756933
0.990121511756933
0.990121511756933
0.990121511756933
0.990121511756933
0.990121511756933
At i = 681:
0.990121511756933
0.990121511756933
0.990121511756933
0.990121511756933
0.990121511756933
0.990121511756933
0.990121511756933
0.990121511756933
0.990121511756933
0.990121511756933
0.990121511756933
0.990121511756933
0.990121511756933
0.990121511756933
0.990121511756933
0.990121511756933
0.990121511756933
0.990121511756933
0.990121511756933
0.990121511756933
0.990121511756933
0.990121511756933
0.990121511756933
0.990121511756933
0.990121511756933
0.990121511756933
0.990121511756933
0.990121511756933
0.990121511756933
0.990121511756933
0.990121511756933
0.990121511756933
0.990121511756933
0.990121511756933
0.990121511756933
0.990121511756933
0.990121511756933
0.990121511756933
0.990121511756933
0.990121511756933
0.9901215117569326
0.986504809031153
At i = 701:
0.990121511756933
0.990121511756933
0.990121511756933
0.990121511756933
0.990121511756933
0.990121511756933
0.990121511756933
0.990121511756933
0.990121511756933
0.990121511756933
0.990121511756933
0.990121511756933
0.990121511756933
0.990121511756933
0.990121511756933
0.990121511756933
0.990121511756933
0.990121511756933
0.990121511756933
0.990121511756933
0.990121511756933
0.990121511756933
0.990121511756933
0.990121511756933
0.990121511756933
0.990121511756933
0.990121511756933
0.990121511756933
0.990121511756933
0.990121511756933
0.990121511756933
0.990121511756933
0.990121511756933
0.990121511756933
0.990121511756933
0.990121511756933
0.990121511756933
0.990121511756933
0.990121511756933
0.990121511756933
0.990121511756933
0.9901215117569326
At i = 721:
0.990121511756933
0.990121511756933
0.990121511756933
0.990121511756933
0.990121511756933
0.990121511756933
0.990121511756933
0.990121511756933
0.990121511756933
0.990121511756933
0.990121511756933
0.990121511756933
0.990121511756933
0.990121511756933
0.990121511756933
0.990121511756933
0.990121511756933
0.990121511756933
0.990121511756933
0.990121511756933
0.990121511756933
0.990121511756933
0.990121511756933
0.990121511756933
0.990121511756933
0.990121511756933
0.990121511756933
0.990121511756933
0.990121511756933
0.990121511756933
0.990121511756933
0.990121511756933
0.990121511756933
0.990121511756933
0.990121511756933
0.990121511756933
0.990121511756933
0.990121511756933
0.990121511756933
0.9901215117569326
0.9811887005775758
At i = 741:
0.990121511756933
0.990121511756933
0.990121511756933
0.990121511756933
0.990121511756933
0.990121511756933
0.990121511756933
0.990121511756933
0.990121511756933
0.990121511756933
0.990121511756933
0.990121511756933
0.990121511756933
0.990121511756933
0.990121511756933
0.990121511756933
0.990121511756933
0.990121511756933
0.990121511756933
0.990121511756933
0.990121511756933
0.990121511756933
0.990121511756933
0.990121511756933
0.990121511756933
0.990121511756933
0.990121511756933
0.990121511756933
0.990121511756933
0.990121511756933
0.990121511756933
0.990121511756933
0.990121511756933
0.990121511756933
0.990121511756933
0.990121511756933
0.990121511756933
0.990121511756933
0.990121511756933
0.990121511756933
0.9901215117569326
0.9767092551065661
0.9767092551065658
At i = 761:
0.990121511756933
0.990121511756933
0.990121511756933
0.990121511756933
0.990121511756933
0.990121511756933
0.990121511756933
0.990121511756933
0.990121511756933
0.990121511756933
0.990121511756933
0.990121511756933
0.990121511756933
0.990121511756933
0.990121511756933
0.990121511756933
0.990121511756933
0.990121511756933
0.990121511756933
0.990121511756933
0.990121511756933
0.990121511756933
0.990121511756933
0.990121511756933
0.990121511756933
0.990121511756933
0.990121511756933
0.990121511756933
0.990121511756933
0.990121511756933
0.990121511756933
0.990121511756933
0.990121511756933
0.990121511756933
0.990121511756933
0.990121511756933
0.990121511756933
0.990121511756933
0.990121511756933
0.990121511756933
0.990121511756933
0.9901215117569326
At i = 781:
0.990121511756933
0.990121511756933
0.990121511756933
0.990121511756933
0.990121511756933
0.990121511756933
0.990121511756933
0.990121511756933
0.990121511756933
0.990121511756933
0.990121511756933
0.990121511756933
0.990121511756933
0.990121511756933
0.990121511756933
0.990121511756933
0.990121511756933
0.990121511756933
0.990121511756933
0.990121511756933
0.990121511756933
0.990121511756933
0.990121511756933
0.990121511756933
0.990121511756933
0.990121511756933
0.990121511756933
0.990121511756933
0.990121511756933
0.990121511756933
0.990121511756933
0.990121511756933
0.990121511756933
0.990121511756933
0.990121511756933
0.990121511756933
0.990121511756933
0.990121511756933
0.990121511756933
0.990121511756933
0.9901215117569326
0.9901215117569326
At i = 801:
0.990121511756933
0.990121511756933
0.990121511756933
0.990121511756933
0.990121511756933
0.990121511756933
0.990121511756933
0.990121511756933
0.990121511756933
0.990121511756933
0.990121511756933
0.990121511756933
0.990121511756933
0.990121511756933
0.990121511756933
0.990121511756933
0.990121511756933
0.990121511756933
0.990121511756933
0.990121511756933
0.990121511756933
0.990121511756933
0.990121511756933
0.990121511756933
0.990121511756933
0.990121511756933
0.990121511756933
0.990121511756933
0.990121511756933
0.990121511756933
0.990121511756933
0.990121511756933
0.990121511756933
0.990121511756933
0.990121511756933
0.990121511756933
0.990121511756933
0.990121511756933
0.990121511756933
0.990121511756933
0.9811887005775758
0.9777181801569303
At i = 821:
0.990121511756933
0.990121511756933
0.990121511756933
0.990121511756933
0.990121511756933
0.990121511756933
0.990121511756933
0.990121511756933
0.990121511756933
0.990121511756933
0.990121511756933
0.990121511756933
0.990121511756933
0.990121511756933
0.990121511756933
0.990121511756933
0.990121511756933
0.990121511756933
0.990121511756933
0.990121511756933
0.990121511756933
0.990121511756933
0.990121511756933
0.990121511756933
0.990121511756933
0.990121511756933
0.990121511756933
0.990121511756933
0.990121511756933
0.990121511756933
0.990121511756933
0.990121511756933
0.990121511756933
0.990121511756933
0.990121511756933
0.990121511756933
0.990121511756933
0.990121511756933
0.990121511756933
0.9901215117569326
At i = 841:
0.990121511756933
0.990121511756933
0.990121511756933
0.990121511756933
0.990121511756933
0.990121511756933
0.990121511756933
0.990121511756933
0.990121511756933
0.990121511756933
0.990121511756933
0.990121511756933
0.990121511756933
0.990121511756933
0.990121511756933
0.990121511756933
0.990121511756933
0.990121511756933
0.990121511756933
0.990121511756933
0.990121511756933
0.990121511756933
0.990121511756933
0.990121511756933
0.990121511756933
0.990121511756933
0.990121511756933
0.990121511756933
0.990121511756933
0.990121511756933
0.990121511756933
0.990121511756933
0.990121511756933
0.990121511756933
0.990121511756933
0.990121511756933
0.990121511756933
0.990121511756933
0.990121511756933
0.990121511756933
At i = 861:
0.990121511756933
0.990121511756933
0.990121511756933
0.990121511756933
0.990121511756933
0.990121511756933
0.990121511756933
0.990121511756933
0.990121511756933
0.990121511756933
0.990121511756933
0.990121511756933
0.990121511756933
0.990121511756933
0.990121511756933
0.990121511756933
0.990121511756933
0.990121511756933
0.990121511756933
0.990121511756933
0.990121511756933
0.990121511756933
0.990121511756933
0.990121511756933
0.990121511756933
0.990121511756933
0.990121511756933
0.990121511756933
0.990121511756933
0.990121511756933
0.990121511756933
0.990121511756933
0.990121511756933
0.990121511756933
0.990121511756933
0.990121511756933
0.990121511756933
0.990121511756933
0.990121511756933
0.990121511756933
0.990121511756933
0.9901215117569326
At i = 881:
0.990121511756933
0.990121511756933
0.990121511756933
0.990121511756933
0.990121511756933
0.990121511756933
0.990121511756933
0.990121511756933
0.990121511756933
0.990121511756933
0.990121511756933
0.990121511756933
0.990121511756933
0.990121511756933
0.990121511756933
0.990121511756933
0.990121511756933
0.990121511756933
0.990121511756933
0.990121511756933
0.990121511756933
0.990121511756933
0.990121511756933
0.990121511756933
0.990121511756933
0.990121511756933
0.990121511756933
0.990121511756933
0.990121511756933
0.990121511756933
0.990121511756933
0.990121511756933
0.990121511756933
0.990121511756933
0.990121511756933
0.990121511756933
0.990121511756933
0.990121511756933
0.990121511756933
0.9901215117569326
At i = 901:
0.990121511756933
0.990121511756933
0.990121511756933
0.990121511756933
0.990121511756933
0.990121511756933
0.990121511756933
0.990121511756933
0.990121511756933
0.990121511756933
0.990121511756933
0.990121511756933
0.990121511756933
0.990121511756933
0.990121511756933
0.990121511756933
0.990121511756933
0.990121511756933
0.990121511756933
0.990121511756933
0.990121511756933
0.990121511756933
0.990121511756933
0.990121511756933
0.990121511756933
0.990121511756933
0.990121511756933
0.990121511756933
0.990121511756933
0.990121511756933
0.990121511756933
0.990121511756933
0.990121511756933
0.990121511756933
0.990121511756933
0.990121511756933
0.990121511756933
0.990121511756933
0.990121511756933
0.9901215117569326
At i = 921:
0.990121511756933
0.990121511756933
0.990121511756933
0.990121511756933
0.990121511756933
0.990121511756933
0.990121511756933
0.990121511756933
0.990121511756933
0.990121511756933
0.990121511756933
0.990121511756933
0.990121511756933
0.990121511756933
0.990121511756933
0.990121511756933
0.990121511756933
0.990121511756933
0.990121511756933
0.990121511756933
0.990121511756933
0.990121511756933
0.990121511756933
0.990121511756933
0.990121511756933
0.990121511756933
0.990121511756933
0.990121511756933
0.990121511756933
0.990121511756933
0.990121511756933
0.990121511756933
0.990121511756933
0.990121511756933
0.990121511756933
0.990121511756933
0.990121511756933
0.990121511756933
0.990121511756933
0.990121511756933
0.9777181801569303
0.9777181801569303
0.9777181801569303
At i = 941:
0.990121511756933
0.990121511756933
0.990121511756933
0.990121511756933
0.990121511756933
0.990121511756933
0.990121511756933
0.990121511756933
0.990121511756933
0.990121511756933
0.990121511756933
0.990121511756933
0.990121511756933
0.990121511756933
0.990121511756933
0.990121511756933
0.990121511756933
0.990121511756933
0.990121511756933
0.990121511756933
0.990121511756933
0.990121511756933
0.990121511756933
0.990121511756933
0.990121511756933
0.990121511756933
0.990121511756933
0.990121511756933
0.990121511756933
0.990121511756933
0.990121511756933
0.990121511756933
0.990121511756933
0.990121511756933
0.990121511756933
0.990121511756933
0.990121511756933
0.990121511756933
0.990121511756933
0.990121511756933
0.990121511756933
0.990121511756933
At i = 961:
0.990121511756933
0.990121511756933
0.990121511756933
0.990121511756933
0.990121511756933
0.990121511756933
0.990121511756933
0.990121511756933
0.990121511756933
0.990121511756933
0.990121511756933
0.990121511756933
0.990121511756933
0.990121511756933
0.990121511756933
0.990121511756933
0.990121511756933
0.990121511756933
0.990121511756933
0.990121511756933
0.990121511756933
0.990121511756933
0.990121511756933
0.990121511756933
0.990121511756933
0.990121511756933
0.990121511756933
0.990121511756933
0.990121511756933
0.990121511756933
0.990121511756933
0.990121511756933
0.990121511756933
0.990121511756933
0.990121511756933
0.990121511756933
0.990121511756933
0.990121511756933
0.990121511756933
0.9901215117569326
At i = 981:
0.990121511756933
0.990121511756933
0.990121511756933
0.990121511756933
0.990121511756933
0.990121511756933
0.990121511756933
0.990121511756933
0.990121511756933
0.990121511756933
0.990121511756933
0.990121511756933
0.990121511756933
0.990121511756933
0.990121511756933
0.990121511756933
0.990121511756933
0.990121511756933
0.990121511756933
0.990121511756933
0.990121511756933
0.990121511756933
0.990121511756933
0.990121511756933
0.990121511756933
0.990121511756933
0.990121511756933
0.990121511756933
0.990121511756933
0.990121511756933
0.990121511756933
0.990121511756933
0.990121511756933
0.990121511756933
0.990121511756933
0.990121511756933
0.990121511756933
0.990121511756933
0.990121511756933
0.990121511756933
At i = 1001:
0.990121511756933
0.990121511756933
0.990121511756933
0.990121511756933
0.990121511756933
0.990121511756933
0.990121511756933
0.990121511756933
0.990121511756933
0.990121511756933
0.990121511756933
0.990121511756933
0.990121511756933
0.990121511756933
0.990121511756933
0.990121511756933
0.990121511756933
0.990121511756933
0.990121511756933
0.990121511756933
0.990121511756933
0.990121511756933
0.990121511756933
0.990121511756933
0.990121511756933
0.990121511756933
0.990121511756933
0.990121511756933
0.990121511756933
0.990121511756933
0.990121511756933
0.990121511756933
0.990121511756933
0.990121511756933
0.990121511756933
0.990121511756933
0.990121511756933
0.990121511756933
0.990121511756933
0.990121511756933
0.9777181801569303
0.9767092551065658
At i = 1021:
0.990121511756933
0.990121511756933
0.990121511756933
0.990121511756933
0.990121511756933
0.990121511756933
0.990121511756933
0.990121511756933
0.990121511756933
0.990121511756933
0.990121511756933
0.990121511756933
0.990121511756933
0.990121511756933
0.990121511756933
0.990121511756933
0.990121511756933
0.990121511756933
0.990121511756933
0.990121511756933
0.990121511756933
0.990121511756933
0.990121511756933
0.990121511756933
0.990121511756933
0.990121511756933
0.990121511756933
0.990121511756933
0.990121511756933
0.990121511756933
0.990121511756933
0.990121511756933
0.990121511756933
0.990121511756933
0.990121511756933
0.990121511756933
0.990121511756933
0.990121511756933
0.990121511756933
0.990121511756933
0.990121511756933
0.990121511756933
At i = 1041:
0.990121511756933
0.990121511756933
0.990121511756933
0.990121511756933
0.990121511756933
0.990121511756933
0.990121511756933
0.990121511756933
0.990121511756933
0.990121511756933
0.990121511756933
0.990121511756933
0.990121511756933
0.990121511756933
0.990121511756933
0.990121511756933
0.990121511756933
0.990121511756933
0.990121511756933
0.990121511756933
0.990121511756933
0.990121511756933
0.990121511756933
0.990121511756933
0.990121511756933
0.990121511756933
0.990121511756933
0.990121511756933
0.990121511756933
0.990121511756933
0.990121511756933
0.990121511756933
0.990121511756933
0.990121511756933
0.990121511756933
0.990121511756933
0.990121511756933
0.990121511756933
0.990121511756933
0.990121511756933
At i = 1061:
0.990121511756933
0.990121511756933
0.990121511756933
0.990121511756933
0.990121511756933
0.990121511756933
0.990121511756933
0.990121511756933
0.990121511756933
0.990121511756933
0.990121511756933
0.990121511756933
0.990121511756933
0.990121511756933
0.990121511756933
0.990121511756933
0.990121511756933
0.990121511756933
0.990121511756933
0.990121511756933
0.990121511756933
0.990121511756933
0.990121511756933
0.990121511756933
0.990121511756933
0.990121511756933
0.990121511756933
0.990121511756933
0.990121511756933
0.990121511756933
0.990121511756933
0.990121511756933
0.990121511756933
0.990121511756933
0.990121511756933
0.990121511756933
0.990121511756933
0.990121511756933
0.990121511756933
0.9901215117569326
At i = 1081:
0.990121511756933
0.990121511756933
0.990121511756933
0.990121511756933
0.990121511756933
0.990121511756933
0.990121511756933
0.990121511756933
0.990121511756933
0.990121511756933
0.990121511756933
0.990121511756933
0.990121511756933
0.990121511756933
0.990121511756933
0.990121511756933
0.990121511756933
0.990121511756933
0.990121511756933
0.990121511756933
0.990121511756933
0.990121511756933
0.990121511756933
0.990121511756933
0.990121511756933
0.990121511756933
0.990121511756933
0.990121511756933
0.990121511756933
0.990121511756933
0.990121511756933
0.990121511756933
0.990121511756933
0.990121511756933
0.990121511756933
0.990121511756933
0.990121511756933
0.990121511756933
0.990121511756933
0.990121511756933
At i = 1101:
0.990121511756933
0.990121511756933
0.990121511756933
0.990121511756933
0.990121511756933
0.990121511756933
0.990121511756933
0.990121511756933
0.990121511756933
0.990121511756933
0.990121511756933
0.990121511756933
0.990121511756933
0.990121511756933
0.990121511756933
0.990121511756933
0.990121511756933
0.990121511756933
0.990121511756933
0.990121511756933
0.990121511756933
0.990121511756933
0.990121511756933
0.990121511756933
0.990121511756933
0.990121511756933
0.990121511756933
0.990121511756933
0.990121511756933
0.990121511756933
0.990121511756933
0.990121511756933
0.990121511756933
0.990121511756933
0.990121511756933
0.990121511756933
0.990121511756933
0.990121511756933
0.990121511756933
0.990121511756933
0.990121511756933
0.9901215117569326
At i = 1121:
0.990121511756933
0.990121511756933
0.990121511756933
0.990121511756933
0.990121511756933
0.990121511756933
0.990121511756933
0.990121511756933
0.990121511756933
0.990121511756933
0.990121511756933
0.990121511756933
0.990121511756933
0.990121511756933
0.990121511756933
0.990121511756933
0.990121511756933
0.990121511756933
0.990121511756933
0.990121511756933
0.990121511756933
0.990121511756933
0.990121511756933
0.990121511756933
0.990121511756933
0.990121511756933
0.990121511756933
0.990121511756933
0.990121511756933
0.990121511756933
0.990121511756933
0.990121511756933
0.990121511756933
0.990121511756933
0.990121511756933
0.990121511756933
0.990121511756933
0.990121511756933
0.990121511756933
0.990121511756933
0.9901215117569326
0.9811887005775758
At i = 1141:
0.990121511756933
0.990121511756933
0.990121511756933
0.990121511756933
0.990121511756933
0.990121511756933
0.990121511756933
0.990121511756933
0.990121511756933
0.990121511756933
0.990121511756933
0.990121511756933
0.990121511756933
0.990121511756933
0.990121511756933
0.990121511756933
0.990121511756933
0.990121511756933
0.990121511756933
0.990121511756933
0.990121511756933
0.990121511756933
0.990121511756933
0.990121511756933
0.990121511756933
0.990121511756933
0.990121511756933
0.990121511756933
0.990121511756933
0.990121511756933
0.990121511756933
0.990121511756933
0.990121511756933
0.990121511756933
0.990121511756933
0.990121511756933
0.990121511756933
0.990121511756933
0.990121511756933
0.9901215117569326
At i = 1161:
0.990121511756933
0.990121511756933
0.990121511756933
0.990121511756933
0.990121511756933
0.990121511756933
0.990121511756933
0.990121511756933
0.990121511756933
0.990121511756933
0.990121511756933
0.990121511756933
0.990121511756933
0.990121511756933
0.990121511756933
0.990121511756933
0.990121511756933
0.990121511756933
0.990121511756933
0.990121511756933
0.990121511756933
0.990121511756933
0.990121511756933
0.990121511756933
0.990121511756933
0.990121511756933
0.990121511756933
0.990121511756933
0.990121511756933
0.990121511756933
0.990121511756933
0.990121511756933
0.990121511756933
0.990121511756933
0.990121511756933
0.990121511756933
0.990121511756933
0.990121511756933
0.990121511756933
0.9901215117569326
0.9901215117569326
0.9901215117569326
At i = 1181:
0.990121511756933
0.990121511756933
0.990121511756933
0.990121511756933
0.990121511756933
0.990121511756933
0.990121511756933
0.990121511756933
0.990121511756933
0.990121511756933
0.990121511756933
0.990121511756933
0.990121511756933
0.990121511756933
0.990121511756933
0.990121511756933
0.990121511756933
0.990121511756933
0.990121511756933
0.990121511756933
0.990121511756933
0.990121511756933
0.990121511756933
0.990121511756933
0.990121511756933
0.990121511756933
0.990121511756933
0.990121511756933
0.990121511756933
0.990121511756933
0.990121511756933
0.990121511756933
0.990121511756933
0.990121511756933
0.990121511756933
0.990121511756933
0.990121511756933
0.990121511756933
0.990121511756933
0.990121511756933
0.990121511756933
0.986504809031153
At i = 1201:
0.990121511756933
0.990121511756933
0.990121511756933
0.990121511756933
0.990121511756933
0.990121511756933
0.990121511756933
0.990121511756933
0.990121511756933
0.990121511756933
0.990121511756933
0.990121511756933
0.990121511756933
0.990121511756933
0.990121511756933
0.990121511756933
0.990121511756933
0.990121511756933
0.990121511756933
0.990121511756933
0.990121511756933
0.990121511756933
0.990121511756933
0.990121511756933
0.990121511756933
0.990121511756933
0.990121511756933
0.990121511756933
0.990121511756933
0.990121511756933
0.990121511756933
0.990121511756933
0.990121511756933
0.990121511756933
0.990121511756933
0.990121511756933
0.990121511756933
0.990121511756933
0.990121511756933
0.990121511756933
0.9901215117569326
0.9777181801569303
0.9777181801569303
At i = 1221:
0.990121511756933
0.990121511756933
0.990121511756933
0.990121511756933
0.990121511756933
0.990121511756933
0.990121511756933
0.990121511756933
0.990121511756933
0.990121511756933
0.990121511756933
0.990121511756933
0.990121511756933
0.990121511756933
0.990121511756933
0.990121511756933
0.990121511756933
0.990121511756933
0.990121511756933
0.990121511756933
0.990121511756933
0.990121511756933
0.990121511756933
0.990121511756933
0.990121511756933
0.990121511756933
0.990121511756933
0.990121511756933
0.990121511756933
0.990121511756933
0.990121511756933
0.990121511756933
0.990121511756933
0.990121511756933
0.990121511756933
0.990121511756933
0.990121511756933
0.990121511756933
0.990121511756933
0.990121511756933
0.9901215117569326
0.9901215117569326
At i = 1241:
0.990121511756933
0.990121511756933
0.990121511756933
0.990121511756933
0.990121511756933
0.990121511756933
0.990121511756933
0.990121511756933
0.990121511756933
0.990121511756933
0.990121511756933
0.990121511756933
0.990121511756933
0.990121511756933
0.990121511756933
0.990121511756933
0.990121511756933
0.990121511756933
0.990121511756933
0.990121511756933
0.990121511756933
0.990121511756933
0.990121511756933
0.990121511756933
0.990121511756933
0.990121511756933
0.990121511756933
0.990121511756933
0.990121511756933
0.990121511756933
0.990121511756933
0.990121511756933
0.990121511756933
0.990121511756933
0.990121511756933
0.990121511756933
0.990121511756933
0.990121511756933
0.990121511756933
0.990121511756933
0.9901215117569326
0.9901215117569326
At i = 1261:
0.990121511756933
0.990121511756933
0.990121511756933
0.990121511756933
0.990121511756933
0.990121511756933
0.990121511756933
0.990121511756933
0.990121511756933
0.990121511756933
0.990121511756933
0.990121511756933
0.990121511756933
0.990121511756933
0.990121511756933
0.990121511756933
0.990121511756933
0.990121511756933
0.990121511756933
0.990121511756933
0.990121511756933
0.990121511756933
0.990121511756933
0.990121511756933
0.990121511756933
0.990121511756933
0.990121511756933
0.990121511756933
0.990121511756933
0.990121511756933
0.990121511756933
0.990121511756933
0.990121511756933
0.990121511756933
0.990121511756933
0.990121511756933
0.990121511756933
0.990121511756933
0.990121511756933
0.990121511756933
0.9901215117569326
0.9777181801569302
At i = 1281:
0.990121511756933
0.990121511756933
0.990121511756933
0.990121511756933
0.990121511756933
0.990121511756933
0.990121511756933
0.990121511756933
0.990121511756933
0.990121511756933
0.990121511756933
0.990121511756933
0.990121511756933
0.990121511756933
0.990121511756933
0.990121511756933
0.990121511756933
0.990121511756933
0.990121511756933
0.990121511756933
0.990121511756933
0.990121511756933
0.990121511756933
0.990121511756933
0.990121511756933
0.990121511756933
0.990121511756933
0.990121511756933
0.990121511756933
0.990121511756933
0.990121511756933
0.990121511756933
0.990121511756933
0.990121511756933
0.990121511756933
0.990121511756933
0.990121511756933
0.990121511756933
0.990121511756933
0.990121511756933
At i = 1301:
0.990121511756933
0.990121511756933
0.990121511756933
0.990121511756933
0.990121511756933
0.990121511756933
0.990121511756933
0.990121511756933
0.990121511756933
0.990121511756933
0.990121511756933
0.990121511756933
0.990121511756933
0.990121511756933
0.990121511756933
0.990121511756933
0.990121511756933
0.990121511756933
0.990121511756933
0.990121511756933
0.990121511756933
0.990121511756933
0.990121511756933
0.990121511756933
0.990121511756933
0.990121511756933
0.990121511756933
0.990121511756933
0.990121511756933
0.990121511756933
0.990121511756933
0.990121511756933
0.990121511756933
0.990121511756933
0.990121511756933
0.990121511756933
0.990121511756933
0.990121511756933
0.990121511756933
0.9901215117569326
At i = 1321:
0.990121511756933
0.990121511756933
0.990121511756933
0.990121511756933
0.990121511756933
0.990121511756933
0.990121511756933
0.990121511756933
0.990121511756933
0.990121511756933
0.990121511756933
0.990121511756933
0.990121511756933
0.990121511756933
0.990121511756933
0.990121511756933
0.990121511756933
0.990121511756933
0.990121511756933
0.990121511756933
0.990121511756933
0.990121511756933
0.990121511756933
0.990121511756933
0.990121511756933
0.990121511756933
0.990121511756933
0.990121511756933
0.990121511756933
0.990121511756933
0.990121511756933
0.990121511756933
0.990121511756933
0.990121511756933
0.990121511756933
0.990121511756933
0.990121511756933
0.990121511756933
0.990121511756933
0.9901215117569326
0.986504809031153
0.986504809031153
At i = 1341:
0.990121511756933
0.990121511756933
0.990121511756933
0.990121511756933
0.990121511756933
0.990121511756933
0.990121511756933
0.990121511756933
0.990121511756933
0.990121511756933
0.990121511756933
0.990121511756933
0.990121511756933
0.990121511756933
0.990121511756933
0.990121511756933
0.990121511756933
0.990121511756933
0.990121511756933
0.990121511756933
0.990121511756933
0.990121511756933
0.990121511756933
0.990121511756933
0.990121511756933
0.990121511756933
0.990121511756933
0.990121511756933
0.990121511756933
0.990121511756933
0.990121511756933
0.990121511756933
0.990121511756933
0.990121511756933
0.990121511756933
0.990121511756933
0.990121511756933
0.990121511756933
0.990121511756933
0.990121511756933
0.990121511756933
0.976709255106566
0.9767092551065658
At i = 1361:
0.990121511756933
0.990121511756933
0.990121511756933
0.990121511756933
0.990121511756933
0.990121511756933
0.990121511756933
0.990121511756933
0.990121511756933
0.990121511756933
0.990121511756933
0.990121511756933
0.990121511756933
0.990121511756933
0.990121511756933
0.990121511756933
0.990121511756933
0.990121511756933
0.990121511756933
0.990121511756933
0.990121511756933
0.990121511756933
0.990121511756933
0.990121511756933
0.990121511756933
0.990121511756933
0.990121511756933
0.990121511756933
0.990121511756933
0.990121511756933
0.990121511756933
0.990121511756933
0.990121511756933
0.990121511756933
0.990121511756933
0.990121511756933
0.990121511756933
0.990121511756933
0.990121511756933
0.990121511756933
0.990121511756933
0.9811887005775759
0.9811887005775758
At i = 1381:
0.990121511756933
0.990121511756933
0.990121511756933
0.990121511756933
0.990121511756933
0.990121511756933
0.990121511756933
0.990121511756933
0.990121511756933
0.990121511756933
0.990121511756933
0.990121511756933
0.990121511756933
0.990121511756933
0.990121511756933
0.990121511756933
0.990121511756933
0.990121511756933
0.990121511756933
0.990121511756933
0.990121511756933
0.990121511756933
0.990121511756933
0.990121511756933
0.990121511756933
0.990121511756933
0.990121511756933
0.990121511756933
0.990121511756933
0.990121511756933
0.990121511756933
0.990121511756933
0.990121511756933
0.990121511756933
0.990121511756933
0.990121511756933
0.990121511756933
0.990121511756933
0.990121511756933
0.990121511756933
0.9901215117569326
0.9901215117569326
At i = 1401:
0.990121511756933
0.990121511756933
0.990121511756933
0.990121511756933
0.990121511756933
0.990121511756933
0.990121511756933
0.990121511756933
0.990121511756933
0.990121511756933
0.990121511756933
0.990121511756933
0.990121511756933
0.990121511756933
0.990121511756933
0.990121511756933
0.990121511756933
0.990121511756933
0.990121511756933
0.990121511756933
0.990121511756933
0.990121511756933
0.990121511756933
0.990121511756933
0.990121511756933
0.990121511756933
0.990121511756933
0.990121511756933
0.990121511756933
0.990121511756933
0.990121511756933
0.990121511756933
0.990121511756933
0.990121511756933
0.990121511756933
0.990121511756933
0.990121511756933
0.990121511756933
0.990121511756933
0.990121511756933
At i = 1421:
0.990121511756933
0.990121511756933
0.990121511756933
0.990121511756933
0.990121511756933
0.990121511756933
0.990121511756933
0.990121511756933
0.990121511756933
0.990121511756933
0.990121511756933
0.990121511756933
0.990121511756933
0.990121511756933
0.990121511756933
0.990121511756933
0.990121511756933
0.990121511756933
0.990121511756933
0.990121511756933
0.990121511756933
0.990121511756933
0.990121511756933
0.990121511756933
0.990121511756933
0.990121511756933
0.990121511756933
0.990121511756933
0.990121511756933
0.990121511756933
0.990121511756933
0.990121511756933
0.990121511756933
0.990121511756933
0.990121511756933
0.990121511756933
0.990121511756933
0.990121511756933
0.990121511756933
0.9901215117569326
At i = 1441:
0.990121511756933
0.990121511756933
0.990121511756933
0.990121511756933
0.990121511756933
0.990121511756933
0.990121511756933
0.990121511756933
0.990121511756933
0.990121511756933
0.990121511756933
0.990121511756933
0.990121511756933
0.990121511756933
0.990121511756933
0.990121511756933
0.990121511756933
0.990121511756933
0.990121511756933
0.990121511756933
0.990121511756933
0.990121511756933
0.990121511756933
0.990121511756933
0.990121511756933
0.990121511756933
0.990121511756933
0.990121511756933
0.990121511756933
0.990121511756933
0.990121511756933
0.990121511756933
0.990121511756933
0.990121511756933
0.990121511756933
0.990121511756933
0.990121511756933
0.990121511756933
0.9901215117569326
0.9901215117569326
0.9811887005775758
0.9777181801569303
0.9777181801569302
0.9777181801569302
0.9777181801569302
0.9777181801569302
At i = 1461:
0.990121511756933
0.990121511756933
0.990121511756933
0.990121511756933
0.990121511756933
0.990121511756933
0.990121511756933
0.990121511756933
0.990121511756933
0.990121511756933
0.990121511756933
0.990121511756933
0.990121511756933
0.990121511756933
0.990121511756933
0.990121511756933
0.990121511756933
0.990121511756933
0.990121511756933
0.990121511756933
0.990121511756933
0.990121511756933
0.990121511756933
0.990121511756933
0.990121511756933
0.990121511756933
0.990121511756933
0.990121511756933
0.990121511756933
0.990121511756933
0.990121511756933
0.990121511756933
0.990121511756933
0.990121511756933
0.990121511756933
0.990121511756933
0.990121511756933
0.990121511756933
0.990121511756933
0.990121511756933
0.990121511756933
0.990121511756933
At i = 1481:
0.990121511756933
0.990121511756933
0.990121511756933
0.990121511756933
0.990121511756933
0.990121511756933
0.990121511756933
0.990121511756933
0.990121511756933
0.990121511756933
0.990121511756933
0.990121511756933
0.990121511756933
0.990121511756933
0.990121511756933
0.990121511756933
0.990121511756933
0.990121511756933
0.990121511756933
0.990121511756933
0.990121511756933
0.990121511756933
0.990121511756933
0.990121511756933
0.990121511756933
0.990121511756933
0.990121511756933
0.990121511756933
0.990121511756933
0.990121511756933
0.990121511756933
0.990121511756933
0.990121511756933
0.990121511756933
0.990121511756933
0.990121511756933
0.990121511756933
0.990121511756933
0.9901215117569326
0.9901215117569326
At i = 1501:
0.990121511756933
0.990121511756933
0.990121511756933
0.990121511756933
0.990121511756933
0.990121511756933
0.990121511756933
0.990121511756933
0.990121511756933
0.990121511756933
0.990121511756933
0.990121511756933
0.990121511756933
0.990121511756933
0.990121511756933
0.990121511756933
0.990121511756933
0.990121511756933
0.990121511756933
0.990121511756933
0.990121511756933
0.990121511756933
0.990121511756933
0.990121511756933
0.990121511756933
0.990121511756933
0.990121511756933
0.990121511756933
0.990121511756933
0.990121511756933
0.990121511756933
0.990121511756933
0.990121511756933
0.990121511756933
0.990121511756933
0.990121511756933
0.990121511756933
0.990121511756933
0.990121511756933
0.990121511756933
0.990121511756933
0.9901215117569326
At i = 1521:
0.990121511756933
0.990121511756933
0.990121511756933
0.990121511756933
0.990121511756933
0.990121511756933
0.990121511756933
0.990121511756933
0.990121511756933
0.990121511756933
0.990121511756933
0.990121511756933
0.990121511756933
0.990121511756933
0.990121511756933
0.990121511756933
0.990121511756933
0.990121511756933
0.990121511756933
0.990121511756933
0.990121511756933
0.990121511756933
0.990121511756933
0.990121511756933
0.990121511756933
0.990121511756933
0.990121511756933
0.990121511756933
0.990121511756933
0.990121511756933
0.990121511756933
0.990121511756933
0.990121511756933
0.990121511756933
0.990121511756933
0.990121511756933
0.990121511756933
0.990121511756933
0.990121511756933
0.990121511756933
At i = 1541:
0.990121511756933
0.990121511756933
0.990121511756933
0.990121511756933
0.990121511756933
0.990121511756933
0.990121511756933
0.990121511756933
0.990121511756933
0.990121511756933
0.990121511756933
0.990121511756933
0.990121511756933
0.990121511756933
0.990121511756933
0.990121511756933
0.990121511756933
0.990121511756933
0.990121511756933
0.990121511756933
0.990121511756933
0.990121511756933
0.990121511756933
0.990121511756933
0.990121511756933
0.990121511756933
0.990121511756933
0.990121511756933
0.990121511756933
0.990121511756933
0.990121511756933
0.990121511756933
0.990121511756933
0.990121511756933
0.990121511756933
0.990121511756933
0.990121511756933
0.990121511756933
0.990121511756933
0.990121511756933
At i = 1561:
0.990121511756933
0.990121511756933
0.990121511756933
0.990121511756933
0.990121511756933
0.990121511756933
0.990121511756933
0.990121511756933
0.990121511756933
0.990121511756933
0.990121511756933
0.990121511756933
0.990121511756933
0.990121511756933
0.990121511756933
0.990121511756933
0.990121511756933
0.990121511756933
0.990121511756933
0.990121511756933
0.990121511756933
0.990121511756933
0.990121511756933
0.990121511756933
0.990121511756933
0.990121511756933
0.990121511756933
0.990121511756933
0.990121511756933
0.990121511756933
0.990121511756933
0.990121511756933
0.990121511756933
0.990121511756933
0.990121511756933
0.990121511756933
0.990121511756933
0.9901215117569326
0.9901215117569326
0.9901215117569326
At i = 1581:
0.990121511756933
0.990121511756933
0.990121511756933
0.990121511756933
0.990121511756933
0.990121511756933
0.990121511756933
0.990121511756933
0.990121511756933
0.990121511756933
0.990121511756933
0.990121511756933
0.990121511756933
0.990121511756933
0.990121511756933
0.990121511756933
0.990121511756933
0.990121511756933
0.990121511756933
0.990121511756933
0.990121511756933
0.990121511756933
0.990121511756933
0.990121511756933
0.990121511756933
0.990121511756933
0.990121511756933
0.990121511756933
0.990121511756933
0.990121511756933
0.990121511756933
0.990121511756933
0.990121511756933
0.990121511756933
0.990121511756933
0.990121511756933
0.990121511756933
0.990121511756933
0.990121511756933
0.990121511756933
At i = 1601:
0.990121511756933
0.990121511756933
0.990121511756933
0.990121511756933
0.990121511756933
0.990121511756933
0.990121511756933
0.990121511756933
0.990121511756933
0.990121511756933
0.990121511756933
0.990121511756933
0.990121511756933
0.990121511756933
0.990121511756933
0.990121511756933
0.990121511756933
0.990121511756933
0.990121511756933
0.990121511756933
0.990121511756933
0.990121511756933
0.990121511756933
0.990121511756933
0.990121511756933
0.990121511756933
0.990121511756933
0.990121511756933
0.990121511756933
0.990121511756933
0.990121511756933
0.990121511756933
0.990121511756933
0.990121511756933
0.990121511756933
0.990121511756933
0.990121511756933
0.990121511756933
0.9901215117569326
0.9901215117569326
At i = 1621:
0.990121511756933
0.990121511756933
0.990121511756933
0.990121511756933
0.990121511756933
0.990121511756933
0.990121511756933
0.990121511756933
0.990121511756933
0.990121511756933
0.990121511756933
0.990121511756933
0.990121511756933
0.990121511756933
0.990121511756933
0.990121511756933
0.990121511756933
0.990121511756933
0.990121511756933
0.990121511756933
0.990121511756933
0.990121511756933
0.990121511756933
0.990121511756933
0.990121511756933
0.990121511756933
0.990121511756933
0.990121511756933
0.990121511756933
0.990121511756933
0.990121511756933
0.990121511756933
0.990121511756933
0.990121511756933
0.990121511756933
0.990121511756933
0.990121511756933
0.990121511756933
0.990121511756933
0.9901215117569326
At i = 1641:
0.990121511756933
0.990121511756933
0.990121511756933
0.990121511756933
0.990121511756933
0.990121511756933
0.990121511756933
0.990121511756933
0.990121511756933
0.990121511756933
0.990121511756933
0.990121511756933
0.990121511756933
0.990121511756933
0.990121511756933
0.990121511756933
0.990121511756933
0.990121511756933
0.990121511756933
0.990121511756933
0.990121511756933
0.990121511756933
0.990121511756933
0.990121511756933
0.990121511756933
0.990121511756933
0.990121511756933
0.990121511756933
0.990121511756933
0.990121511756933
0.990121511756933
0.990121511756933
0.990121511756933
0.990121511756933
0.990121511756933
0.990121511756933
0.990121511756933
0.990121511756933
0.990121511756933
0.990121511756933
At i = 1661:
0.990121511756933
0.990121511756933
0.990121511756933
0.990121511756933
0.990121511756933
0.990121511756933
0.990121511756933
0.990121511756933
0.990121511756933
0.990121511756933
0.990121511756933
0.990121511756933
0.990121511756933
0.990121511756933
0.990121511756933
0.990121511756933
0.990121511756933
0.990121511756933
0.990121511756933
0.990121511756933
0.990121511756933
0.990121511756933
0.990121511756933
0.990121511756933
0.990121511756933
0.990121511756933
0.990121511756933
0.990121511756933
0.990121511756933
0.990121511756933
0.990121511756933
0.990121511756933
0.990121511756933
0.990121511756933
0.990121511756933
0.990121511756933
0.990121511756933
0.990121511756933
0.990121511756933
0.9901215117569326
At i = 1681:
0.990121511756933
0.990121511756933
0.990121511756933
0.990121511756933
0.990121511756933
0.990121511756933
0.990121511756933
0.990121511756933
0.990121511756933
0.990121511756933
0.990121511756933
0.990121511756933
0.990121511756933
0.990121511756933
0.990121511756933
0.990121511756933
0.990121511756933
0.990121511756933
0.990121511756933
0.990121511756933
0.990121511756933
0.990121511756933
0.990121511756933
0.990121511756933
0.990121511756933
0.990121511756933
0.990121511756933
0.990121511756933
0.990121511756933
0.990121511756933
0.990121511756933
0.990121511756933
0.990121511756933
0.9901215117569326
0.9901215117569326
0.9901215117569326
0.9901215117569326
0.9901215117569326
0.9901215117569326
0.9901215117569326
At i = 1701:
0.990121511756933
0.990121511756933
0.990121511756933
0.990121511756933
0.990121511756933
0.990121511756933
0.990121511756933
0.990121511756933
0.990121511756933
0.990121511756933
0.990121511756933
0.990121511756933
0.990121511756933
0.990121511756933
0.990121511756933
0.990121511756933
0.990121511756933
0.990121511756933
0.990121511756933
0.990121511756933
0.990121511756933
0.990121511756933
0.990121511756933
0.990121511756933
0.990121511756933
0.990121511756933
0.990121511756933
0.990121511756933
0.990121511756933
0.990121511756933
0.990121511756933
0.990121511756933
0.990121511756933
0.990121511756933
0.990121511756933
0.990121511756933
0.990121511756933
0.9901215117569326
0.9901215117569326
0.9901215117569326
At i = 1721:
0.990121511756933
0.990121511756933
0.990121511756933
0.990121511756933
0.990121511756933
0.990121511756933
0.990121511756933
0.990121511756933
0.990121511756933
0.990121511756933
0.990121511756933
0.990121511756933
0.990121511756933
0.990121511756933
0.990121511756933
0.990121511756933
0.990121511756933
0.990121511756933
0.990121511756933
0.990121511756933
0.990121511756933
0.990121511756933
0.990121511756933
0.990121511756933
0.990121511756933
0.990121511756933
0.990121511756933
0.990121511756933
0.990121511756933
0.990121511756933
0.990121511756933
0.990121511756933
0.990121511756933
0.990121511756933
0.990121511756933
0.990121511756933
0.9901215117569326
0.9901215117569326
0.9901215117569326
0.9901215117569326
At i = 1741:
0.990121511756933
0.990121511756933
0.990121511756933
0.990121511756933
0.990121511756933
0.990121511756933
0.990121511756933
0.990121511756933
0.990121511756933
0.990121511756933
0.990121511756933
0.990121511756933
0.990121511756933
0.990121511756933
0.990121511756933
0.990121511756933
0.990121511756933
0.990121511756933
0.990121511756933
0.990121511756933
0.990121511756933
0.990121511756933
0.990121511756933
0.990121511756933
0.990121511756933
0.990121511756933
0.990121511756933
0.990121511756933
0.990121511756933
0.990121511756933
0.990121511756933
0.990121511756933
0.990121511756933
0.990121511756933
0.990121511756933
0.990121511756933
0.990121511756933
0.990121511756933
0.990121511756933
0.9901215117569326
At i = 1761:
0.990121511756933
0.990121511756933
0.990121511756933
0.990121511756933
0.990121511756933
0.990121511756933
0.990121511756933
0.990121511756933
0.990121511756933
0.990121511756933
0.990121511756933
0.990121511756933
0.990121511756933
0.990121511756933
0.990121511756933
0.990121511756933
0.990121511756933
0.990121511756933
0.990121511756933
0.990121511756933
0.990121511756933
0.990121511756933
0.990121511756933
0.990121511756933
0.990121511756933
0.990121511756933
0.990121511756933
0.990121511756933
0.990121511756933
0.990121511756933
0.990121511756933
0.990121511756933
0.990121511756933
0.990121511756933
0.990121511756933
0.9901215117569329
0.9901215117569326
0.9901215117569326
0.9901215117569326
0.9901215117569326
At i = 1781:
0.990121511756933
0.990121511756933
0.990121511756933
0.990121511756933
0.990121511756933
0.990121511756933
0.990121511756933
0.990121511756933
0.990121511756933
0.990121511756933
0.990121511756933
0.990121511756933
0.990121511756933
0.990121511756933
0.990121511756933
0.990121511756933
0.990121511756933
0.990121511756933
0.990121511756933
0.990121511756933
0.990121511756933
0.990121511756933
0.990121511756933
0.990121511756933
0.990121511756933
0.990121511756933
0.990121511756933
0.990121511756933
0.990121511756933
0.990121511756933
0.990121511756933
0.990121511756933
0.990121511756933
0.990121511756933
0.9901215117569329
0.9901215117569329
0.9901215117569326
0.9901215117569326
0.9901215117569326
0.9901215117569326
At i = 1801:
0.990121511756933
0.990121511756933
0.990121511756933
0.990121511756933
0.990121511756933
0.990121511756933
0.990121511756933
0.990121511756933
0.990121511756933
0.990121511756933
0.990121511756933
0.990121511756933
0.990121511756933
0.990121511756933
0.990121511756933
0.990121511756933
0.990121511756933
0.990121511756933
0.990121511756933
0.990121511756933
0.990121511756933
0.990121511756933
0.990121511756933
0.990121511756933
0.990121511756933
0.990121511756933
0.990121511756933
0.990121511756933
0.990121511756933
0.990121511756933
0.990121511756933
0.990121511756933
0.990121511756933
0.990121511756933
0.990121511756933
0.990121511756933
0.990121511756933
0.9901215117569329
0.9901215117569326
0.9901215117569326
At i = 1821:
0.990121511756933
0.990121511756933
0.990121511756933
0.990121511756933
0.990121511756933
0.990121511756933
0.990121511756933
0.990121511756933
0.990121511756933
0.990121511756933
0.990121511756933
0.990121511756933
0.990121511756933
0.990121511756933
0.990121511756933
0.990121511756933
0.990121511756933
0.990121511756933
0.990121511756933
0.990121511756933
0.990121511756933
0.990121511756933
0.990121511756933
0.990121511756933
0.990121511756933
0.990121511756933
0.990121511756933
0.990121511756933
0.990121511756933
0.990121511756933
0.990121511756933
0.990121511756933
0.990121511756933
0.990121511756933
0.990121511756933
0.990121511756933
0.990121511756933
0.990121511756933
0.9901215117569329
0.9901215117569326
At i = 1841:
0.990121511756933
0.990121511756933
0.990121511756933
0.990121511756933
0.990121511756933
0.990121511756933
0.990121511756933
0.990121511756933
0.990121511756933
0.990121511756933
0.990121511756933
0.990121511756933
0.990121511756933
0.990121511756933
0.990121511756933
0.990121511756933
0.990121511756933
0.990121511756933
0.990121511756933
0.990121511756933
0.990121511756933
0.990121511756933
0.990121511756933
0.990121511756933
0.990121511756933
0.990121511756933
0.990121511756933
0.990121511756933
0.990121511756933
0.990121511756933
0.990121511756933
0.990121511756933
0.990121511756933
0.990121511756933
0.990121511756933
0.990121511756933
0.990121511756933
0.990121511756933
0.990121511756933
0.9901215117569326
At i = 1861:
0.990121511756933
0.990121511756933
0.990121511756933
0.990121511756933
0.990121511756933
0.990121511756933
0.990121511756933
0.990121511756933
0.990121511756933
0.990121511756933
0.990121511756933
0.990121511756933
0.990121511756933
0.990121511756933
0.990121511756933
0.990121511756933
0.990121511756933
0.990121511756933
0.990121511756933
0.990121511756933
0.990121511756933
0.990121511756933
0.990121511756933
0.990121511756933
0.990121511756933
0.990121511756933
0.990121511756933
0.990121511756933
0.990121511756933
0.9901215117569329
0.9901215117569329
0.9901215117569326
0.9901215117569326
0.9901215117569326
0.9901215117569326
0.9901215117569326
0.9901215117569326
0.9901215117569326
0.9901215117569326
0.9901215117569326
At i = 1881:
0.990121511756933
0.990121511756933
0.990121511756933
0.990121511756933
0.990121511756933
0.990121511756933
0.990121511756933
0.990121511756933
0.990121511756933
0.990121511756933
0.990121511756933
0.990121511756933
0.990121511756933
0.990121511756933
0.990121511756933
0.990121511756933
0.990121511756933
0.990121511756933
0.990121511756933
0.990121511756933
0.990121511756933
0.990121511756933
0.990121511756933
0.990121511756933
0.990121511756933
0.990121511756933
0.990121511756933
0.990121511756933
0.990121511756933
0.990121511756933
0.990121511756933
0.990121511756933
0.990121511756933
0.990121511756933
0.9901215117569329
0.9901215117569329
0.9901215117569326
0.9901215117569326
0.9901215117569326
0.9901215117569326
At i = 1901:
0.990121511756933
0.990121511756933
0.990121511756933
0.990121511756933
0.990121511756933
0.990121511756933
0.990121511756933
0.990121511756933
0.990121511756933
0.990121511756933
0.990121511756933
0.990121511756933
0.990121511756933
0.990121511756933
0.990121511756933
0.990121511756933
0.990121511756933
0.990121511756933
0.990121511756933
0.990121511756933
0.990121511756933
0.990121511756933
0.990121511756933
0.990121511756933
0.990121511756933
0.990121511756933
0.990121511756933
0.990121511756933
0.990121511756933
0.990121511756933
0.990121511756933
0.9901215117569329
0.9901215117569329
0.9901215117569326
0.9901215117569326
0.9901215117569326
0.9901215117569326
0.9901215117569326
0.9901215117569326
0.9901215117569326
At i = 1921:
0.990121511756933
0.990121511756933
0.990121511756933
0.990121511756933
0.990121511756933
0.990121511756933
0.990121511756933
0.990121511756933
0.990121511756933
0.990121511756933
0.990121511756933
0.990121511756933
0.990121511756933
0.990121511756933
0.990121511756933
0.990121511756933
0.990121511756933
0.990121511756933
0.990121511756933
0.990121511756933
0.990121511756933
0.990121511756933
0.990121511756933
0.990121511756933
0.990121511756933
0.990121511756933
0.990121511756933
0.990121511756933
0.990121511756933
0.990121511756933
0.990121511756933
0.9901215117569329
0.9901215117569326
0.9901215117569326
0.9901215117569326
0.9901215117569326
0.9901215117569326
0.9901215117569326
0.9901215117569326
0.9901215117569326
At i = 1941:
0.990121511756933
0.990121511756933
0.990121511756933
0.990121511756933
0.990121511756933
0.990121511756933
0.990121511756933
0.990121511756933
0.990121511756933
0.990121511756933
0.990121511756933
0.990121511756933
0.990121511756933
0.990121511756933
0.990121511756933
0.990121511756933
0.990121511756933
0.990121511756933
0.990121511756933
0.990121511756933
0.990121511756933
0.990121511756933
0.990121511756933
0.990121511756933
0.990121511756933
0.990121511756933
0.990121511756933
0.990121511756933
0.990121511756933
0.990121511756933
0.990121511756933
0.990121511756933
0.990121511756933
0.990121511756933
0.990121511756933
0.990121511756933
0.9901215117569329
0.9901215117569326
0.9901215117569326
0.9901215117569326
At i = 1961:
0.990121511756933
0.990121511756933
0.990121511756933
0.990121511756933
0.990121511756933
0.990121511756933
0.990121511756933
0.990121511756933
0.990121511756933
0.990121511756933
0.990121511756933
0.990121511756933
0.990121511756933
0.990121511756933
0.990121511756933
0.990121511756933
0.990121511756933
0.990121511756933
0.990121511756933
0.990121511756933
0.990121511756933
0.990121511756933
0.990121511756933
0.990121511756933
0.990121511756933
0.990121511756933
0.990121511756933
0.990121511756933
0.990121511756933
0.990121511756933
0.990121511756933
0.990121511756933
0.990121511756933
0.9901215117569326
0.9901215117569326
0.9901215117569326
0.9901215117569326
0.9901215117569326
0.9901215117569326
0.9901215117569326
At i = 1981:
0.990121511756933
0.990121511756933
0.990121511756933
0.990121511756933
0.990121511756933
0.990121511756933
0.990121511756933
0.990121511756933
0.990121511756933
0.990121511756933
0.990121511756933
0.990121511756933
0.990121511756933
0.990121511756933
0.990121511756933
0.990121511756933
0.990121511756933
0.990121511756933
0.990121511756933
0.990121511756933
0.990121511756933
0.990121511756933
0.990121511756933
0.990121511756933
0.990121511756933
0.990121511756933
0.990121511756933
0.990121511756933
0.990121511756933
0.990121511756933
0.990121511756933
0.990121511756933
0.990121511756933
0.9901215117569329
0.9901215117569329
0.9901215117569326
0.9901215117569326
0.9901215117569326
0.9901215117569326
0.9901215117569326
At i = 2001:
0.990121511756933
0.990121511756933
0.990121511756933
0.990121511756933
0.990121511756933
0.990121511756933
0.990121511756933
0.990121511756933
0.990121511756933
0.990121511756933
0.990121511756933
0.990121511756933
0.990121511756933
0.990121511756933
0.990121511756933
0.990121511756933
0.990121511756933
0.990121511756933
0.990121511756933
0.990121511756933
0.990121511756933
0.990121511756933
0.990121511756933
0.990121511756933
0.990121511756933
0.990121511756933
0.990121511756933
0.990121511756933
0.990121511756933
0.990121511756933
0.9901215117569329
0.9901215117569329
0.9901215117569326
0.9901215117569326
0.9901215117569326
0.9901215117569326
0.9901215117569326
0.9901215117569326
0.9901215117569326
0.9901215117569326
At i = 2021:
0.990121511756933
0.990121511756933
0.990121511756933
0.990121511756933
0.990121511756933
0.990121511756933
0.990121511756933
0.990121511756933
0.990121511756933
0.990121511756933
0.990121511756933
0.990121511756933
0.990121511756933
0.990121511756933
0.990121511756933
0.990121511756933
0.990121511756933
0.990121511756933
0.990121511756933
0.990121511756933
0.990121511756933
0.990121511756933
0.990121511756933
0.990121511756933
0.990121511756933
0.990121511756933
0.990121511756933
0.990121511756933
0.990121511756933
0.9901215117569329
0.9901215117569326
0.9901215117569326
0.9901215117569326
0.9901215117569326
0.9901215117569326
0.9901215117569326
0.9901215117569326
0.9901215117569326
0.9901215117569326
0.9901215117569326
At i = 2041:
0.990121511756933
0.990121511756933
0.990121511756933
0.990121511756933
0.990121511756933
0.990121511756933
0.990121511756933
0.990121511756933
0.990121511756933
0.990121511756933
0.990121511756933
0.990121511756933
0.990121511756933
0.990121511756933
0.990121511756933
0.990121511756933
0.990121511756933
0.990121511756933
0.990121511756933
0.990121511756933
0.990121511756933
0.990121511756933
0.990121511756933
0.990121511756933
0.990121511756933
0.990121511756933
0.990121511756933
0.990121511756933
0.990121511756933
0.990121511756933
0.990121511756933
0.990121511756933
0.990121511756933
0.990121511756933
0.990121511756933
0.990121511756933
0.990121511756933
0.990121511756933
0.9901215117569326
0.9901215117569326
At i = 2061:
0.990121511756933
0.990121511756933
0.990121511756933
0.990121511756933
0.990121511756933
0.990121511756933
0.990121511756933
0.990121511756933
0.990121511756933
0.990121511756933
0.990121511756933
0.990121511756933
0.990121511756933
0.990121511756933
0.990121511756933
0.990121511756933
0.990121511756933
0.990121511756933
0.990121511756933
0.990121511756933
0.990121511756933
0.990121511756933
0.990121511756933
0.990121511756933
0.990121511756933
0.990121511756933
0.990121511756933
0.990121511756933
0.990121511756933
0.990121511756933
0.990121511756933
0.9901215117569329
0.9901215117569329
0.9901215117569329
0.9901215117569326
0.9901215117569326
0.9901215117569326
0.9901215117569326
0.9901215117569326
0.9901215117569326
